0 0.42500000000000004 0.640309155766944 0.12959183673469388 0.04399524375743163
0 0.46479591836734696 0.8703923900118905 0.09489795918367348 0.040428061831153383
0 0.3066326530612245 0.8751486325802615 0.09489795918367348 0.0356718192627824
0 0.25918367346938775 0.6872770511296076 0.09387755102040818 0.03091557669441141
0 0.25510204081632654 0.5059453032104637 0.09387755102040818 0.029726516052318665
0 0.4418367346938776 0.3983353151010701 0.09591836734693879 0.0356718192627824
0 0.07551020408163266 0.4994054696789536 0.1 0.0356718192627824
0 0.26071428571428573 0.29726516052318663 0.1316326530612245 0.049940546967895356
0 0.47908163265306125 0.21105826397146252 0.025510204081632654 0.1200951248513674
0 0.6056122448979593 0.2800237812128418 0.08061224489795919 0.027348394768133173
0 0.7698979591836735 0.1979785969084423 0.09693877551020409 0.034482758620689655
0 0.7698979591836735 0.4084423305588585 0.02959183673469388 0.11296076099881093
0 0.6122448979591837 0.4881093935790725 0.1285714285714286 0.04637336504161712
0 0.7627551020408164 0.6153388822829964 0.02959183673469388 0.11058263971462544
0 0.9183673469387756 0.5053507728894173 0.028571428571428574 0.12128418549346015