0 0.74875 0.17375000000000002 0.1575 0.0775
0 0.4345833333333334 0.6950000000000001 0.03916666666666667 0.06
0 0.17875000000000002 0.18125 0.0825 0.085
0 0.30625 0.7375 0.04916666666666667 0.0575
0 0.9683333333333334 0.58875 0.025 0.0125
0 0.5079166666666667 0.586875 0.030833333333333334 0.01125
0 0.5508333333333334 0.588125 0.02666666666666667 0.01375
0 0.36458333333333337 0.744375 0.020833333333333336 0.02125
0 0.16541666666666668 0.51 0.06416666666666668 0.03
0 0.17791666666666667 0.46187500000000004 0.0775 0.03875
0 0.14333333333333334 0.263125 0.025 0.02625