0 0.308349609375 0.2737630208333333 0.10107421875 0.04231770833333333
0 0.308837890625 0.19694010416666666 0.08544921875 0.119140625
0 0.17626953125 0.888671875 0.02734375 0.08072916666666666
0 0.13232421875 0.8323567708333333 0.0185546875 0.076171875
0 0.087890625 0.7724609375 0.0146484375 0.064453125
0 0.052001953125 0.7275390625 0.01416015625 0.056640625
0 0.021484375 0.6927083333333333 0.0107421875 0.05208333333333333
0 0.901611328125 0.4319661458333333 0.00634765625 0.009765625
0 0.921142578125 0.4306640625 0.00634765625 0.009765625
0 0.958984375 0.4290364583333333 0.0068359375 0.009114583333333332
0 0.977783203125 0.4280598958333333 0.00537109375 0.007161458333333333
0 0.994873046875 0.4270833333333333 0.00537109375 0.010416666666666666