0 0.50375 0.226 0.6195 0.34600000000000003
0 0.149 0.5525 0.034 0.031
0 0.1885 0.544 0.036000000000000004 0.032
0 0.23800000000000002 0.553 0.039 0.032
0 0.279 0.5545 0.04 0.031
0 0.3225 0.555 0.039 0.034
0 0.365 0.5565 0.04 0.037
0 0.41075 0.5555 0.0365 0.031
0 0.232 0.522 0.017 0.022
0 0.27625 0.524 0.0175 0.022
0 0.31875000000000003 0.5235 0.0175 0.021
0 0.362 0.5245 0.018000000000000002 0.023
0 0.41100000000000003 0.523 0.016 0.02
0 0.18325 0.514 0.0105 0.016
0 0.14425 0.521 0.0105 0.016
0 0.26775 0.7605000000000001 0.0335 0.029
0 0.30525 0.7545000000000001 0.035500000000000004 0.031
0 0.34475 0.7595000000000001 0.035500000000000004 0.027
0 0.383 0.759 0.035 0.03
0 0.4245 0.7585000000000001 0.036000000000000004 0.027
0 0.26225 0.7335 0.0135 0.019
0 0.30025 0.73 0.0145 0.022
0 0.3425 0.7345 0.015 0.019
0 0.37975000000000003 0.7345 0.0145 0.019
0 0.424 0.7335 0.014 0.019
0 0.3 0.8885000000000001 0.028 0.025
0 0.33475 0.889 0.0305 0.022
0 0.37 0.8925000000000001 0.03 0.023
0 0.40475 0.8925000000000001 0.029500000000000002 0.023
0 0.29725 0.862 0.0125 0.016
0 0.33275 0.865 0.0125 0.016
0 0.368 0.866 0.014 0.016
0 0.4035 0.8675 0.013000000000000001 0.017
0 0.465 0.7385 0.021 0.017
0 0.50275 0.74 0.0205 0.018000000000000002
0 0.54475 0.743 0.0205 0.02
0 0.58375 0.742 0.021500000000000002 0.018000000000000002
0 0.6235 0.74 0.022 0.024
0 0.66925 0.739 0.0225 0.022
0 0.7105 0.7415 0.021 0.025
0 0.677 0.5275 0.14200000000000002 0.047
0 0.863 0.762 0.025 0.026000000000000002
0 0.82275 0.91 0.029500000000000002 0.024
0 0.85675 0.91 0.029500000000000002 0.024
0 0.8220000000000001 0.035500000000000004 0.015 0.017