0 0.15406562054208275 0.2040169133192389 0.1398002853067047 0.226215644820296
0 0.8623395149786021 0.2674418604651163 0.2296718972895863 0.26004228329809725
0 0.10699001426533523 0.07399577167019028 0.059914407988587735 0.029598308668076112
0 0.037089871611982884 0.029598308668076112 0.011412268188302425 0.03805496828752643
0 0.16405135520684735 0.613107822410148 0.12268188302425108 0.059196617336152224
0 0.3680456490727532 0.35412262156448204 0.05420827389443652 0.05708245243128964
0 0.49643366619115553 0.379492600422833 0.05706134094151213 0.04016913319238901
0 0.6640513552068473 0.386892177589852 0.06134094151212554 0.042283298097251586
0 0.500713266761769 0.897463002114165 0.21112696148359486 0.10359408033826639
0 0.8145506419400856 0.6025369978858351 0.07988587731811697 0.054968287526427066
0 0.8209700427960057 0.05391120507399577 0.06990014265335236 0.048625792811839326