0 0.7539473684210527 0.40178571428571425 0.05 0.08571428571428572
0 0.7697368421052632 0.2571428571428571 0.07105263157894737 0.049999999999999996
0 0.887280701754386 0.6098214285714285 0.0324561403508772 0.030357142857142857
0 0.9842105263157895 0.6517857142857143 0.028070175438596492 0.039285714285714285
0 0.7473684210526316 0.8892857142857142 0.02280701754385965 0.049999999999999996
0 0.39342105263157895 0.7339285714285714 0.034210526315789476 0.02142857142857143
0 0.3942982456140351 0.8008928571428571 0.034210526315789476 0.019642857142857142
0 0.4929824561403509 0.8089285714285714 0.0368421052631579 0.024999999999999998
0 0.25526315789473686 0.68125 0.02982456140350877 0.019642857142857142
0 0.07412280701754385 0.8267857142857142 0.02894736842105263 0.024999999999999998
0 0.724561403508772 0.4276785714285714 0.012280701754385965 0.030357142857142857
0 0.3298245614035088 0.5875 0.010526315789473684 0.02142857142857143