0 0.27525 0.395 0.0455 0.047
0 0.744 0.39675 0.042 0.043500000000000004
0 0.43 0.6885 0.047 0.048
0 0.5205 0.59325 0.045 0.0375
0 0.17450000000000002 0.67875 0.023 0.0495
0 0.1995 0.5585 0.025 0.045
0 0.496 0.48925 0.043000000000000003 0.0385
0 0.41875 0.56975 0.0375 0.043500000000000004
0 0.548 0.69875 0.043000000000000003 0.035500000000000004
0 0.67 0.6845 0.04 0.043000000000000003
0 0.78125 0.6755 0.0385 0.043000000000000003
0 0.6435 0.57175 0.048 0.035500000000000004
0 0.76025 0.552 0.0405 0.04
0 0.61875 0.46275 0.0375 0.0455
0 0.7352500000000001 0.436 0.0305 0.036000000000000004
0 0.31375000000000003 0.7515000000000001 0.025500000000000002 0.006
0 0.312 0.75025 0.065 0.0635