0 0.10750000000000001 0.7190201729106628 0.07500000000000001 0.04322766570605187
0 0.10916666666666668 0.9322766570605187 0.05166666666666667 0.04899135446685879
0 0.11 0.9726224783861671 0.08 0.020172910662824207
0 0.6016666666666667 0.8530259365994236 0.07333333333333333 0.10374639769452448
0 0.8308333333333334 0.8155619596541787 0.08166666666666667 0.13832853025936598
0 0.9016666666666667 0.5936599423631124 0.03666666666666667 0.04610951008645533
0 0.6741666666666667 0.14265129682997119 0.06166666666666667 0.04322766570605187
0 0.6825 0.10662824207492795 0.06166666666666667 0.034582132564841495
0 0.37833333333333335 0.6239193083573487 0.05 0.04899135446685879
0 0.24833333333333335 0.786743515850144 0.08 0.09798270893371758
0 0.22 0.5907780979827089 0.05666666666666667 0.05763688760806916
0 0.36500000000000005 0.7579250720461095 0.05666666666666667 0.09221902017291066
0 0.10083333333333334 0.8544668587896252 0.07833333333333334 0.04899135446685879
0 0.5925 0.7968299711815562 0.055 0.11815561959654178
0 0.23833333333333334 0.4711815561959654 0.05 0.12968299711815562