0 0.22617187500000002 0.154 0.14921875 0.0456
0 0.5 0.15360000000000001 0.15000000000000002 0.046400000000000004
0 0.7742187500000001 0.15480000000000002 0.13593750000000002 0.0504
0 0.7765625 0.4732 0.14375000000000002 0.0488
0 0.499609375 0.4792 0.14921875 0.048
0 0.225390625 0.4812 0.14296875 0.0488
0 0.164453125 0.8668 0.10859375 0.0456
0 0.294140625 0.8852000000000001 0.11640625 0.0472
0 0.5593750000000001 0.8848 0.10625000000000001 0.0448
0 0.698828125 0.9088 0.12734375 0.041600000000000005
0 0.8363281250000001 0.8816 0.12265625000000001 0.0448