0 0.5095000000000001 0.5215 0.183 0.011
0 0.3855 0.589 0.034 0.038
0 0.50125 0.58575 0.0395 0.035500000000000004
0 0.61775 0.58575 0.0365 0.035500000000000004
0 0.389 0.69025 0.036000000000000004 0.0345
0 0.50125 0.68925 0.035500000000000004 0.0365
0 0.61475 0.6875 0.0375 0.033
0 0.5075000000000001 0.493 0.035 0.006
0 0.685 0.74475 0.027 0.0385
0 0.43875000000000003 0.811 0.0315 0.013000000000000001
0 0.559 0.8125 0.039 0.013000000000000001
0 0.68325 0.778 0.0325 0.022
0 0.5615 0.782 0.034 0.014
0 0.6775 0.805 0.034 0.02
0 0.3095 0.736 0.025 0.038
0 0.43425 0.7805 0.0385 0.012
0 0.31375000000000003 0.76975 0.0315 0.0265
0 0.32125 0.79725 0.0305 0.0225