0 0.3895348837209302 0.11875000000000001 0.1511627906976744 0.07500000000000001
0 0.24593023255813953 0.35625 0.16627906976744186 0.06875
0 0.6215116279069768 0.125 0.15930232558139534 0.07500000000000001
0 0.7622093023255814 0.340625 0.15232558139534882 0.08125
0 0.38895348837209304 0.58125 0.15 0.06875
0 0.622093023255814 0.584375 0.15813953488372093 0.08125
0 0.04244186046511628 0.36875 0.08488372093023255 0.07500000000000001
0 0.04534883720930233 0.815625 0.09069767441860466 0.0625
0 0.24883720930232558 0.8125 0.16046511627906976 0.07500000000000001
0 0.021511627906976742 0.1453125 0.03837209302325581 0.059375000000000004
0 0.4011627906976744 0.8187500000000001 0.037209302325581395 0.0625
0 0.4941860465116279 0.8140625 0.03488372093023256 0.065625
0 0.5866279069767442 0.815625 0.040697674418604654 0.0625
0 0.7616279069767442 0.7984375 0.14883720930232558 0.084375
0 0.9587209302325581 0.8046875 0.08023255813953488 0.07187500000000001
0 0.9563953488372093 0.3453125 0.08255813953488372 0.07187500000000001
0 0.7726744186046511 0.5734375 0.03837209302325581 0.059375000000000004
0 0.8662790697674418 0.578125 0.04883720930232558 0.06875
0 0.9569767441860465 0.58125 0.044186046511627906 0.05625
0 0.7738372093023256 0.1171875 0.03604651162790698 0.065625
0 0.8674418604651163 0.12187500000000001 0.04186046511627907 0.05625
0 0.9604651162790697 0.125 0.03953488372093023 0.05
0 0.11395348837209301 0.14375000000000002 0.03953488372093023 0.0625
0 0.2052325581395349 0.1390625 0.03837209302325581 0.053125000000000006
0 0.3988372093023256 0.35781250000000003 0.03953488372093023 0.059375000000000004
0 0.4924418604651163 0.3609375 0.04767441860465116 0.065625
0 0.583139534883721 0.36562500000000003 0.04534883720930233 0.06875
0 0.027906976744186046 0.596875 0.04186046511627907 0.0625
0 0.11627906976744186 0.5906250000000001 0.044186046511627906 0.0625
0 0.20813953488372092 0.5921875 0.04186046511627907 0.065625