0 0.09477329974811083 0.18468045112781953 0.09445843828715365 0.05827067669172932
0 0.5530541561712846 0.1870300751879699 0.10925692695214105 0.06296992481203006
0 0.21662468513853902 0.431156015037594 0.25503778337531485 0.4008458646616541
0 0.6597921914357683 0.43820488721804507 0.3113979848866499 0.42434210526315785
0 0.07745591939546599 0.10925751879699247 0.06297229219143577 0.028665413533834585
0 0.5244017632241813 0.10714285714285714 0.05069269521410579 0.03477443609022556
0 0.12185138539042821 0.06672932330827067 0.04596977329974811 0.019736842105263157
0 0.5239294710327456 0.07072368421052631 0.04722921914357683 0.023966165413533833
0 0.3156486146095718 0.14849624060150374 0.022355163727959697 0.011278195488721804
0 0.801007556675063 0.14050751879699247 0.025188916876574305 0.013157894736842105
0 0.2170969773299748 0.8888627819548872 0.04061712846347607 0.0606203007518797
0 0.15569899244332494 0.8956766917293233 0.03494962216624685 0.06203007518796992
0 0.19820528967254408 0.8540883458646616 0.015428211586901762 0.007988721804511278
0 0.14200251889168766 0.8590225563909774 0.01952141057934509 0.010338345864661654