0 0.25525000000000003 0.16550764951321278 0.0615 0.08344923504867871
0 0.2775 0.30598052851182195 0.028 0.03894297635605007
0 0.276 0.46557719054242 0.033 0.04102920723226704
0 0.5475 0.4666203059805285 0.03 0.043115438108484005
0 0.548 0.30598052851182195 0.028 0.041724617524339355
0 0.8715 0.30598052851182195 0.029 0.04033379694019471
0 0.87175 0.46522948539638387 0.029500000000000002 0.041724617524339355
0 0.87675 0.5751043115438108 0.025500000000000002 0.037552155771905425
0 0.82925 0.5744089012517385 0.0265 0.03894297635605007
0 0.83675 0.46557719054242 0.029500000000000002 0.04102920723226704
0 0.835 0.3056328233657858 0.03 0.043810848400556324
0 0.51375 0.30493741307371347 0.029500000000000002 0.04242002781641168
0 0.51225 0.4648817802503477 0.029500000000000002 0.03824756606397774
0 0.241 0.4648817802503477 0.029 0.04102920723226704
0 0.24075 0.3056328233657858 0.029500000000000002 0.039638386648122394
0 0.2685 0.8331015299026425 0.064 0.019471488178025034
0 0.26925 0.6707232267037552 0.11750000000000001 0.03129346314325452
0 0.539 0.7969401947148818 0.017 0.025034770514603615
0 0.5745 0.793115438108484 0.05 0.020166898470097356
0 0.5015000000000001 0.8970792767732962 0.012 0.015299026425591097
0 0.6305000000000001 0.8977746870653686 0.012 0.016689847009735744