0 0.3435483870967742 0.5114613180515759 0.1064516129032258 0.2148997134670487
0 0.2346774193548387 0.5200573065902578 0.09193548387096774 0.20343839541547276
0 0.1282258064516129 0.5186246418338109 0.08225806451612903 0.18911174785100285
0 0.1032258064516129 0.34097421203438394 0.06451612903225806 0.045845272206303724
0 0.20806451612903226 0.3481375358166189 0.06774193548387097 0.04871060171919771
0 0.31048387096774194 0.33954154727793695 0.05967741935483871 0.04871060171919771
0 0.4620967741935484 0.5329512893982807 0.07258064516129033 0.045845272206303724
0 0.5951612903225807 0.5329512893982807 0.06129032258064516 0.06303724928366762
0 0.4588709677419355 0.4699140401146132 0.11129032258064517 0.07449856733524356
0 0.5846774193548387 0.47564469914040114 0.09516129032258064 0.06303724928366762
0 0.675 0.4312320916905444 0.08225806451612903 0.06017191977077364
0 0.8016129032258065 0.3782234957020057 0.11935483870967742 0.08022922636103151
0 0.9443548387096774 0.4197707736389685 0.10161290322580645 0.08882521489971347
0 0.7959677419354839 0.4469914040114613 0.07580645161290323 0.05730659025787965
0 0.9403225806451613 0.492836676217765 0.08064516129032258 0.06303724928366762