0 0.2026 0.6601679664067186 0.0204 0.023395320935812834
0 0.2368 0.3749250149970006 0.048 0.061187762447510494
0 0.37220000000000003 0.43641271745650867 0.0356 0.047390521895620874
0 0.5308 0.3491301739652069 0.0472 0.0635872825434913
0 0.308 0.5782843431313737 0.0216 0.026394721055788842
0 0.167 0.877624475104979 0.022000000000000002 0.026394721055788842
0 0.3914 0.8884223155368925 0.0196 0.03239352129574085
0 0.4444 0.6172765446910617 0.0368 0.04799040191961607
0 0.553 0.6187762447510498 0.034800000000000005 0.044991001799640065
0 0.47940000000000005 0.8467306538692261 0.0164 0.023395320935812834
0 0.7262000000000001 0.35542891421715656 0.0212 0.02459508098380324
0 0.8242 0.3812237552489502 0.0236 0.029394121175764846
0 0.7622 0.5581883623275344 0.0236 0.02699460107978404
0 0.6534 0.5611877624475105 0.048400000000000006 0.0641871625674865
0 0.6008 0.8962207558488302 0.0176 0.022795440911817635
0 0.737 0.9085182963407318 0.0204 0.029394121175764846
0 0.6772 0.7798440311937612 0.0176 0.028794241151769644
0 0.7926000000000001 0.7036592681463707 0.0212 0.016796640671865627
0 0.8432000000000001 0.7171565686862627 0.016 0.02459508098380324
0 0.2016 0.573485302939412 0.052000000000000005 0.044391121775644866
0 0.6718000000000001 0.8533293341331732 0.014 0.02699460107978404
0 0.677 0.7195560887822435 0.0172 0.02699460107978404