0 0.4454828660436137 0.2738095238095238 0.01557632398753894 0.1607142857142857
0 0.32554517133956384 0.7247023809523809 0.14018691588785046 0.1636904761904762
0 0.6682242990654206 0.7172619047619048 0.08722741433021806 0.13095238095238093
0 0.22741433021806853 0.6369047619047619 0.021806853582554516 0.05357142857142857
0 0.4470404984423676 0.5848214285714285 0.040498442367601244 0.0625
0 0.5599688473520249 0.5997023809523809 0.03894080996884735 0.0625
0 0.22274143302180685 0.4538690476190476 0.012461059190031152 0.09821428571428571
0 0.4462616822429906 0.7574404761904762 0.048286604361370715 0.026785714285714284
0 0.559190031152648 0.48660714285714285 0.037383177570093455 0.020833333333333332
0 0.8411214953271028 0.6547619047619048 0.03115264797507788 0.03571428571428571
0 0.29361370716510904 0.49553571428571425 0.04205607476635514 0.08035714285714285
0 0.17523364485981308 0.3571428571428571 0.0264797507788162 0.047619047619047616