0 0.8575 0.12842105263157894 0.06833333333333334 0.25684210526315787
0 0.305 0.25052631578947365 0.030000000000000002 0.021052631578947368
0 0.34208333333333335 0.2726315789473684 0.0275 0.023157894736842106
0 0.3770833333333334 0.22105263157894736 0.029166666666666667 0.02526315789473684
0 0.43833333333333335 0.18736842105263157 0.028333333333333335 0.021052631578947368
0 0.49541666666666667 0.1663157894736842 0.025833333333333337 0.021052631578947368
0 0.47125000000000006 0.21368421052631578 0.025833333333333337 0.01894736842105263
0 0.33916666666666667 0.1863157894736842 0.021666666666666667 0.023157894736842106
0 0.2854166666666667 0.22210526315789472 0.0175 0.031578947368421054
0 0.31083333333333335 0.7852631578947368 0.025 0.04631578947368421
0 0.35083333333333333 0.771578947368421 0.018333333333333333 0.04
0 0.39916666666666667 0.7221052631578947 0.02 0.042105263157894736
0 0.41000000000000003 0.24210526315789474 0.025 0.021052631578947368
0 0.42833333333333334 0.7136842105263158 0.016666666666666666 0.02526315789473684
0 0.5066666666666667 0.6505263157894736 0.015000000000000001 0.02526315789473684
0 0.54625 0.6231578947368421 0.015833333333333335 0.02526315789473684
0 0.5258333333333334 0.6442105263157895 0.015000000000000001 0.02526315789473684
0 0.47250000000000003 0.7073684210526315 0.016666666666666666 0.021052631578947368
0 0.5683333333333334 0.1663157894736842 0.02 0.04631578947368421
0 0.5979166666666667 0.15473684210526314 0.01916666666666667 0.04842105263157895
0 0.6195833333333334 0.13578947368421052 0.015833333333333335 0.04421052631578947
0 0.7104166666666667 0.08736842105263158 0.0175 0.04
0 0.6454166666666667 0.12526315789473683 0.015833333333333335 0.035789473684210524
0 0.6695833333333334 0.11157894736842106 0.014166666666666668 0.03789473684210526
0 0.7379166666666667 0.06 0.0125 0.04
0 0.6908333333333334 0.09789473684210526 0.016666666666666666 0.04421052631578947
0 0.7716666666666667 0.03684210526315789 0.013333333333333334 0.04
0 0.7875000000000001 0.08736842105263158 0.01 0.04