0 0.43675 0.5515 0.0365 0.049
0 0.3605 0.5315 0.024 0.045
0 0.35175 0.6485 0.0205 0.043000000000000003
0 0.32975 0.76525 0.0195 0.0475
0 0.381 0.28450000000000003 0.025 0.045
0 0.56675 0.2745 0.0505 0.011
0 0.446 0.23175 0.043000000000000003 0.0425
0 0.55775 0.233 0.0405 0.042
0 0.67025 0.22625 0.0405 0.0425
0 0.5357500000000001 0.115 0.0465 0.03
0 0.423 0.1215 0.043000000000000003 0.032
0 0.64725 0.11950000000000001 0.043500000000000004 0.034
0 0.72575 0.5505 0.0265 0.047
0 0.43375 0.30225 0.0185 0.0145
0 0.685 0.29975 0.016 0.0175
0 0.3955 0.7897500000000001 0.027 0.0475