0 0.1959016393442623 0.4897959183673469 0.13934426229508196 0.1457725947521866
0 0.3836065573770492 0.42419825072886297 0.12131147540983607 0.13119533527696792
0 0.5450819672131147 0.3629737609329446 0.15901639344262294 0.14868804664723032
0 0.728688524590164 0.27405247813411077 0.12622950819672132 0.11661807580174927
0 0.8901639344262295 0.20262390670553934 0.10491803278688525 0.11370262390670553
0 0.03524590163934426 0.6603498542274052 0.07049180327868852 0.09037900874635568
0 0.22704918032786886 0.5743440233236151 0.09344262295081968 0.09912536443148688
0 0.40737704918032785 0.5014577259475218 0.08032786885245902 0.09329446064139942
0 0.5581967213114755 0.4606413994169096 0.10655737704918032 0.09912536443148688
0 0.7557377049180328 0.3454810495626822 0.07540983606557378 0.07871720116618075
0 0.9147540983606557 0.2725947521865889 0.06557377049180328 0.09037900874635568