0 0.14300000000000002 0.374 0.08 0.028
0 0.271 0.354 0.09 0.028
0 0.3775 0.354 0.097 0.026000000000000002
0 0.552 0.35150000000000003 0.096 0.029
0 0.7015 0.367 0.08700000000000001 0.024
0 0.8305 0.3765 0.075 0.021
0 0.14350000000000002 0.61 0.053 0.05
0 0.264 0.623 0.044 0.058
0 0.378 0.639 0.066 0.068
0 0.5555 0.637 0.069 0.066
0 0.7045 0.634 0.065 0.06
0 0.835 0.6155 0.056 0.055
0 0.377 0.7020000000000001 0.158 0.038
0 0.556 0.6970000000000001 0.158 0.038
0 0.71 0.6895 0.134 0.037
0 0.8435 0.665 0.111 0.032
0 0.131 0.6645 0.116 0.033
0 0.2435 0.6775 0.08700000000000001 0.037