0 0.8490566037735849 0.266025641025641 0.07204116638078902 0.0641025641025641
0 0.9476843910806175 0.26282051282051283 0.07375643224699828 0.0641025641025641
0 0.7452830188679245 0.2756410256410256 0.06689536878216124 0.0641025641025641
0 0.4588336192109777 0.18108974358974358 0.060034305317324184 0.04807692307692307
0 0.6620926243567753 0.1858974358974359 0.041166380789022294 0.038461538461538464
0 0.7564322469982847 0.26121794871794873 0.03773584905660377 0.028846153846153844
0 0.8704974271012007 0.24679487179487178 0.02915951972555746 0.03205128205128205
0 0.9708404802744425 0.24038461538461536 0.024013722126929673 0.03205128205128205
0 0.04716981132075471 0.21153846153846154 0.07375643224699828 0.05769230769230769
0 0.19982847341337906 0.22275641025641024 0.11149228130360206 0.060897435897435896
0 0.7452830188679245 0.3846153846153846 0.04974271012006861 0.05769230769230769
0 0.8507718696397941 0.3782051282051282 0.05831903945111492 0.05128205128205128
0 0.9493996569468267 0.3717948717948718 0.05660377358490566 0.05769230769230769