0 0.25225000000000003 0.58925 0.0225 0.0365
0 0.26125 0.78025 0.0235 0.0335
0 0.29475 0.48075 0.0375 0.0205
0 0.378 0.4815 0.038 0.019
0 0.327 0.54775 0.036000000000000004 0.029500000000000002
0 0.34550000000000003 0.6405 0.029 0.033
0 0.43025 0.6355000000000001 0.0315 0.033
0 0.35025 0.73725 0.0325 0.0305
0 0.43525 0.7305 0.0265 0.031
0 0.42325 0.8085 0.0275 0.02
0 0.57325 0.7917500000000001 0.0275 0.0205
0 0.5935 0.71775 0.027 0.0305
0 0.59125 0.6265000000000001 0.0265 0.03
0 0.57075 0.5385 0.029500000000000002 0.024
0 0.534 0.47775 0.037 0.0155
0 0.67625 0.47750000000000004 0.0305 0.017
0 0.781 0.5355 0.028 0.026000000000000002
0 0.73625 0.61775 0.0275 0.0285
0 0.80375 0.615 0.025500000000000002 0.029
0 0.73725 0.70475 0.0225 0.0285
0 0.80375 0.70175 0.0225 0.029500000000000002
0 0.7185 0.77925 0.025 0.0205
0 0.78425 0.7735 0.0235 0.02
0 0.20475000000000002 0.5347500000000001 0.0245 0.0095