0 0.4425770308123249 0.133 0.2184873949579832 0.122
0 0.07983193277310924 0.592 0.11484593837535013 0.044
0 0.9355742296918768 0.08 0.11764705882352941 0.024
0 0.4915966386554622 0.854 0.08683473389355742 0.12
0 0.11764705882352941 0.719 0.16806722689075632 0.034
0 0.8305322128851541 0.604 0.1484593837535014 0.032
0 0.6666666666666666 0.614 0.11764705882352941 0.048
0 0.9635854341736695 0.603 0.06162464985994398 0.026000000000000002
0 0.2380952380952381 0.495 0.06162464985994398 0.194
0 0.09523809523809523 0.9500000000000001 0.19047619047619047 0.04
0 0.7591036414565826 0.606 0.06162464985994398 0.17200000000000001
0 0.7450980392156863 0.332 0.0784313725490196 0.068
0 0.4887955182072829 0.055 0.13165266106442577 0.038
0 0.9215686274509804 0.778 0.15126050420168066 0.04
0 0.6988795518207283 0.969 0.07563025210084033 0.03
0 0.19187675070028012 0.846 0.12605042016806722 0.04
0 0.049019607843137254 0.019 0.09803921568627451 0.034