0 0.209830866807611 0.21349206349206348 0.051797040169133196 0.18571428571428572
0 0.7505285412262157 0.20634920634920634 0.04016913319238901 0.2
0 0.48942917547568715 0.47619047619047616 0.08668076109936576 0.031746031746031744
0 0.48942917547568715 0.776984126984127 0.03805496828752643 0.020634920634920634
0 0.7764270613107823 0.8642857142857143 0.0306553911205074 0.020634920634920634
0 0.11575052854122622 0.7055555555555556 0.020084566596194505 0.011111111111111112
0 0.32663847780126853 0.7071428571428572 0.016913319238900635 0.014285714285714285
0 0.1569767441860465 0.8365079365079365 0.020084566596194505 0.012698412698412698
0 0.18604651162790697 0.8706349206349207 0.016913319238900635 0.011111111111111112
0 0.7938689217758985 0.703968253968254 0.019027484143763214 0.014285714285714285
0 0.9582452431289641 0.7047619047619048 0.017970401691331926 0.012698412698412698