0 0.7779069767441861 0.07500000000000001 0.09534883720930232 0.08125
0 0.8604651162790697 0.0890625 0.06744186046511627 0.07187500000000001
0 0.8813953488372093 0.290625 0.03488372093023256 0.05
0 0.8784883720930232 0.3359375 0.05930232558139535 0.028125
0 0.9284883720930233 0.27968750000000003 0.029069767441860465 0.034375
0 0.9674418604651163 0.28125 0.027906976744186046 0.03125
0 0.7784883720930232 0.27187500000000003 0.040697674418604654 0.025
0 0.7203488372093023 0.26875 0.033720930232558136 0.03125
0 0.7563953488372093 0.7328125000000001 0.06395348837209303 0.065625
0 0.019186046511627905 0.6328125 0.03837209302325581 0.053125000000000006
0 0.055232558139534885 0.41718750000000004 0.08023255813953488 0.07187500000000001
0 0.01627906976744186 0.3296875 0.027906976744186046 0.053125000000000006
0 0.06337209302325582 0.340625 0.0686046511627907 0.037500000000000006
0 0.09767441860465116 0.2578125 0.10465116279069767 0.084375
0 0.4494186046511628 0.053125000000000006 0.12906976744186047 0.10625000000000001
0 0.5656976744186046 0.0578125 0.0941860465116279 0.096875
0 0.24069767441860465 0.5015625 0.06744186046511627 0.07187500000000001
0 0.27674418604651163 0.36875 0.1883720930232558 0.2
0 0.42267441860465116 0.48125 0.05930232558139535 0.05
0 0.386046511627907 0.6625000000000001 0.09069767441860466 0.10625000000000001
0 0.3953488372093023 0.7234375000000001 0.14186046511627906 0.084375
0 0.9186046511627907 0.9375 0.1186046511627907 0.07500000000000001
0 0.9622093023255813 0.7921875 0.05 0.053125000000000006
0 0.8459302325581395 0.5750000000000001 0.06162790697674418 0.08750000000000001
0 0.5994186046511628 0.45156250000000003 0.02441860465116279 0.065625