0 0.07810839532412327 0.7399584487534626 0.010626992561105206 0.013850415512465374
0 0.27590329436769395 0.7129501385041551 0.009298618490967055 0.013157894736842105
0 0.27537194473963866 0.7283587257617729 0.008235919234856535 0.013504155124653739
0 0.5462274176408076 0.5914127423822715 0.01753453772582359 0.02631578947368421
0 0.6168969181721572 0.5905470914127424 0.011158342189160467 0.027354570637119113
0 0.5661530286928799 0.58898891966759 0.01700318809776833 0.027700831024930747
0 0.6292507970244421 0.5940096952908587 0.009829968119022316 0.02873961218836565
0 0.790913921360255 0.7214335180055401 0.008501594048884165 0.011426592797783934
0 0.7914452709883103 0.7342451523545707 0.008501594048884165 0.010734072022160665
0 0.5027895855472901 0.7693905817174516 0.005579171094580233 0.007617728531855956
0 0.4112646121147715 0.7704293628808865 0.004782146652497343 0.007617728531855956
0 0.32996811902231665 0.7709487534626038 0.004250797024442083 0.007271468144044321
0 0.5083687566418703 0.7693905817174516 0.005579171094580233 0.006925207756232687
0 0.4160467587672688 0.7704293628808865 0.005313496280552603 0.006925207756232687
0 0.3339532412327311 0.7714681440443213 0.004250797024442083 0.006232686980609419