0 0.5084615384615384 0.48478488982161594 0.07384615384615384 0.07974816369359916
0 0.35192307692307695 0.47848898216159497 0.05923076923076923 0.06715634837355719
0 0.24846153846153846 0.5078698845750262 0.046153846153846156 0.07135362014690451
0 0.040769230769230766 0.47166841552990557 0.024615384615384615 0.06610703043022036
0 0.27192307692307693 0.06977964323189927 0.05923076923076923 0.06190975865687304
0 0.4207692307692308 0.05613850996852046 0.06307692307692307 0.02833158447009444
0 0.16115384615384615 0.11070304302203568 0.06692307692307692 0.08919202518363065
0 0.07230769230769231 0.21825813221406087 0.05076923076923077 0.05036726128016789
0 0.545 0.04564533053515215 0.1346153846153846 0.0912906610703043
0 0.7830769230769231 0.5325288562434418 0.04923076923076923 0.08499475341028331
0 0.6461538461538462 0.5897166841552991 0.13384615384615384 0.10912906610703044
0 0.6996153846153846 0.14270724029380902 0.08846153846153847 0.08814270724029381
0 0.8015384615384615 0.18835257082896117 0.08461538461538462 0.1080797481636936
0 0.8523076923076923 0.5550891920251837 0.05076923076923077 0.1049317943336831
0 0.9034615384615384 0.5445960125918153 0.03923076923076923 0.09024134312696748
0 0.9573076923076923 0.27019937040923403 0.02076923076923077 0.03462749213011543
0 0.8626923076923076 0.17471143756558238 0.03461538461538462 0.04512067156348374
0 0.07653846153846154 0.025183630640083946 0.03 0.03987408184679958
0 0.015384615384615385 0.4653725078698846 0.015384615384615385 0.03252885624344176
0 0.09961538461538462 0.4900314795383001 0.04230769230769231 0.11962224554039874
0 0.7007692307692308 0.867261280167891 0.09538461538461539 0.08289611752360966
0 0.588076923076923 0.8782791185729276 0.10384615384615385 0.05456453305351522
0 0.4703846153846154 0.869884575026233 0.09 0.033578174186778595
0 0.4542307692307692 0.310598111227702 0.04230769230769231 0.035676810073452254
0 0.1926923076923077 0.3289611752360965 0.02846153846153846 0.03462749213011543
0 0.14923076923076922 0.3342077649527807 0.023076923076923078 0.030430220356768102
0 0.3219230769230769 0.776495278069255 0.02846153846153846 0.02728226652675761
0 0.5911538461538461 0.7880377754459601 0.036153846153846154 0.02938090241343127
0 0.796923076923077 0.7339979013641134 0.021538461538461538 0.030430220356768102
0 0.9026923076923077 0.6778593913955929 0.016153846153846154 0.02728226652675761
0 0.7957692307692308 0.8226652675760756 0.040769230769230766 0.04826862539349423
0 0.07038461538461538 0.7502623294858343 0.03461538461538462 0.04407135362014691
0 0.04346153846153846 0.7528856243441763 0.02076923076923077 0.03672612801678909
0 0.019230769230769232 0.7177334732423925 0.01846153846153846 0.04407135362014691
0 0.9488461538461539 0.7103882476390346 0.022307692307692306 0.04197271773347325
0 0.9676923076923077 0.6920251836306401 0.027692307692307693 0.04302203567681007
0 0.9903846153846154 0.6563483735571879 0.01769230769230769 0.03252885624344176
0 0.11269230769230769 0.8347324239244491 0.054615384615384614 0.05981112277019937
0 0.1773076923076923 0.8772298006295908 0.06538461538461539 0.05456453305351522