0 0.38722222222222225 0.6162613981762918 0.034444444444444444 0.025835866261398176
0 0.4361111111111111 0.6147416413373861 0.034444444444444444 0.025835866261398176
0 0.4855555555555556 0.6147416413373861 0.03777777777777778 0.025835866261398176
0 0.5327777777777778 0.6162613981762918 0.034444444444444444 0.022796352583586626
0 0.5805555555555556 0.6162613981762918 0.03666666666666667 0.022796352583586626
0 0.6288888888888889 0.6170212765957447 0.03333333333333333 0.02127659574468085
0 0.37722222222222224 0.8609422492401215 0.05 0.05319148936170213
0 0.42944444444444446 0.8541033434650456 0.034444444444444444 0.0851063829787234
0 0.4822222222222222 0.8639817629179332 0.05333333333333333 0.04711246200607903
0 0.5333333333333333 0.85790273556231 0.035555555555555556 0.08966565349544073
0 0.5888888888888889 0.8639817629179332 0.04888888888888889 0.05319148936170213
0 0.6416666666666667 0.8594224924012158 0.03666666666666667 0.09574468085106383