0 0.09 0.24000000000000002 0.07 0.04666666666666667
0 0.17375000000000002 0.19833333333333333 0.0475 0.05666666666666667
0 0.29625 0.18166666666666667 0.0775 0.05
0 0.015 0.26 0.03 0.06666666666666667
0 0.41500000000000004 0.13833333333333334 0.08 0.06333333333333334
0 0.55375 0.11666666666666667 0.0925 0.060000000000000005
0 0.68 0.06166666666666667 0.095 0.06333333333333334
0 0.80625 0.07 0.08750000000000001 0.08666666666666667
0 0.16375 0.5633333333333334 0.08750000000000001 0.12666666666666668
0 0.0475 0.5733333333333334 0.095 0.12000000000000001
0 0.33 0.5283333333333333 0.11 0.13
0 0.47125 0.5216666666666667 0.0925 0.1366666666666667
0 0.665 0.4666666666666667 0.125 0.14666666666666667
0 0.8725 0.46 0.125 0.14666666666666667