0 0.4966666666666667 0.3416666666666667 0.7000000000000001 0.19666666666666668
0 0.7983333333333333 0.14083333333333334 0.15333333333333335 0.035
0 0.14416666666666667 0.7983333333333333 0.14833333333333334 0.030000000000000002
0 0.37083333333333335 0.7966666666666667 0.13833333333333334 0.023333333333333334
0 0.15916666666666668 0.7341666666666667 0.135 0.025
0 0.17250000000000001 0.6783333333333333 0.12833333333333335 0.023333333333333334
0 0.375 0.7333333333333334 0.13 0.023333333333333334
0 0.5941666666666667 0.7975000000000001 0.135 0.028333333333333335
0 0.5891666666666667 0.7291666666666667 0.13166666666666668 0.025
0 0.38 0.6741666666666667 0.13 0.021666666666666667
0 0.5875 0.6733333333333333 0.13166666666666668 0.02666666666666667
0 0.8058333333333334 0.7333333333333334 0.12833333333333335 0.023333333333333334
0 0.8183333333333334 0.7966666666666667 0.1366666666666667 0.023333333333333334
0 0.18500000000000003 0.6241666666666668 0.12333333333333334 0.021666666666666667
0 0.38833333333333336 0.6225 0.12666666666666668 0.021666666666666667
0 0.5808333333333334 0.6216666666666667 0.125 0.02666666666666667
0 0.7825000000000001 0.6208333333333333 0.125 0.025
0 0.7941666666666667 0.675 0.13166666666666668 0.02666666666666667