0 0.42323651452282157 0.2401685393258427 0.11341632088520055 0.0646067415730337
0 0.07538035961272477 0.3497191011235955 0.07330567081604426 0.042134831460674156
0 0.24896265560165975 0.1741573033707865 0.06639004149377593 0.0449438202247191
0 0.3215767634854772 0.821629213483146 0.07053941908713693 0.1151685393258427
0 0.2012448132780083 0.48735955056179775 0.056708160442600276 0.03089887640449438
0 0.16874135546334718 0.39747191011235955 0.058091286307053944 0.042134831460674156
0 0.3278008298755187 0.2654494382022472 0.04702627939142462 0.03651685393258427
0 0.5912863070539419 0.31741573033707865 0.09266943291839558 0.06741573033707865
0 0.6839557399723375 0.5435393258426966 0.07330567081604426 0.042134831460674156
0 0.6659751037344399 0.16713483146067415 0.06777316735822961 0.03651685393258427
0 0.7482710926694329 0.26123595505617975 0.049792531120331954 0.033707865168539325
0 0.8651452282157677 0.35112359550561795 0.07053941908713693 0.0449438202247191
0 0.9557399723374828 0.4002808988764045 0.058091286307053944 0.03651685393258427
0 0.8022130013831259 0.6867977528089887 0.04426002766251729 0.03089887640449438
0 0.7952973720608576 0.36235955056179775 0.049792531120331954 0.028089887640449437