0 0.50634765625 0.5636896046852123 0.0791015625 0.043923865300146414
0 0.83349609375 0.7964860907759883 0.0361328125 0.02635431918008785
0 0.62744140625 0.527086383601757 0.0322265625 0.014641288433382138
0 0.23681640625 0.671303074670571 0.0322265625 0.024890190336749635
0 0.283203125 0.4158125915080527 0.02734375 0.014641288433382138
0 0.32568359375 0.4443631039531479 0.0244140625 0.013177159590043924
0 0.388671875 0.4084919472913616 0.029296875 0.020497803806734993
0 0.4658203125 0.40995607613469986 0.025390625 0.014641288433382138
0 0.560546875 0.44216691068814057 0.0234375 0.017569546120058566
0 0.52685546875 0.43923865300146414 0.0224609375 0.014641288433382138
0 0.10888671875 0.5395314787701317 0.0205078125 0.01903367496339678