0 0.08 0.5015625 0.13333333333333333 0.096875
0 0.3111111111111111 0.371875 0.11555555555555555 0.09375
0 0.5122222222222222 0.265625 0.04666666666666667 0.037500000000000006
0 0.5077777777777778 0.80625 0.03777777777777778 0.037500000000000006
0 0.6933333333333334 0.19062500000000002 0.06666666666666667 0.05
0 0.8622222222222222 0.09062500000000001 0.04888888888888889 0.043750000000000004
0 0.9033333333333333 0.696875 0.03777777777777778 0.06875
0 0.7577777777777778 0.8140625 0.04 0.065625
0 0.5666666666666667 0.909375 0.06666666666666667 0.05
0 0.2288888888888889 0.21875 0.035555555555555556 0.025
0 0.9722222222222222 0.037500000000000006 0.03777777777777778 0.03125