0 0.06988636363636364 0.2546875 0.05795454545454545 0.19062500000000002
0 0.1721590909090909 0.2421875 0.053409090909090906 0.16562500000000002
0 0.2767045454545454 0.29531250000000003 0.0625 0.184375
0 0.40511363636363634 0.2671875 0.060227272727272727 0.178125
0 0.5232954545454546 0.20468750000000002 0.053409090909090906 0.153125
0 0.6602272727272727 0.2109375 0.05454545454545454 0.16562500000000002
0 0.12386363636363636 0.19687500000000002 0.015909090909090907 0.10625000000000001
0 0.020454545454545454 0.19062500000000002 0.013636363636363636 0.08750000000000001
0 0.028409090909090908 0.1015625 0.029545454545454545 0.021875000000000002
0 0.23068181818181818 0.1328125 0.03409090909090909 0.021875000000000002
0 0.22727272727272727 0.240625 0.013636363636363636 0.1
0 0.7738636363636363 0.16718750000000002 0.15 0.146875
0 0.02159090909090909 0.34218750000000003 0.011363636363636364 0.209375
0 0.48977272727272725 0.07187500000000001 0.029545454545454545 0.025
0 0.4784090909090909 0.15937500000000002 0.013636363636363636 0.1
0 0.36477272727272725 0.125 0.022727272727272728 0.03125
0 0.6261363636363636 0.07968750000000001 0.022727272727272728 0.028125
0 0.07954545454545454 0.084375 0.07045454545454545 0.043750000000000004
0 0.23011363636363635 0.43125 0.014772727272727272 0.25625000000000003
0 0.36022727272727273 0.35781250000000003 0.011363636363636364 0.203125
0 0.48068181818181815 0.35000000000000003 0.013636363636363636 0.25625000000000003
0 0.61875 0.28750000000000003 0.010227272727272727 0.17500000000000002
0 0.5488636363636363 0.053125000000000006 0.08181818181818182 0.043750000000000004
0 0.6693181818181818 0.0671875 0.06136363636363636 0.028125
0 0.29318181818181815 0.115625 0.08409090909090909 0.05
0 0.41420454545454544 0.11093750000000001 0.06477272727272727 0.040625
0 0.35852272727272727 0.2109375 0.010227272727272727 0.07187500000000001
0 0.6181818181818182 0.1609375 0.011363636363636364 0.065625