0 0.314375 0.06833333333333334 0.04625 0.06666666666666667
0 0.5025000000000001 0.0575 0.035 0.045000000000000005
0 0.5675 0.07083333333333333 0.065 0.04166666666666667
0 0.211875 0.5291666666666667 0.04875 0.06833333333333334
0 0.63 0.06333333333333334 0.0275 0.03333333333333333
0 0.683125 0.058333333333333334 0.01875 0.03333333333333333
0 0.733125 0.05916666666666667 0.03875 0.045000000000000005
0 0.795625 0.060000000000000005 0.043750000000000004 0.05
0 0.796875 0.09583333333333334 0.07125000000000001 0.018333333333333333
0 0.863125 0.06833333333333334 0.05625 0.06666666666666667
0 0.933125 0.09333333333333334 0.07625 0.023333333333333334
0 0.9293750000000001 0.05583333333333334 0.03125 0.045000000000000005
0 0.376875 0.06833333333333334 0.043750000000000004 0.06333333333333334