0 0.45855472901168964 0.6541425818882466 0.08820403825717321 0.04431599229287091
0 0.4250797024442083 0.151252408477842 0.04675876726886291 0.03275529865125241
0 0.7157279489904357 0.8988439306358381 0.10095642933049946 0.09441233140655106
0 0.7247608926673751 0.20616570327552985 0.025504782146652496 0.015414258188824663
0 0.11742826780021254 0.47784200385356457 0.024442082890541974 0.030828516377649325
0 0.35441020191285866 0.1926782273603083 0.020191285866099893 0.015414258188824663
0 0.310308182784272 0.313102119460501 0.02125398512221041 0.01348747591522158
0 0.35334750265674814 0.31213872832369943 0.020191285866099893 0.015414258188824663
0 0.26620616365568545 0.42967244701348745 0.020191285866099893 0.011560693641618497
0 0.3092454835281615 0.42967244701348745 0.02125398512221041 0.011560693641618497
0 0.2688629117959617 0.5433526011560693 0.02125398512221041 0.015414258188824663
0 0.310308182784272 0.5433526011560693 0.02125398512221041 0.011560693641618497
0 0.27045696068012753 0.653179190751445 0.022316684378320933 0.015414258188824663
0 0.5807651434643996 0.21098265895953758 0.018065887353878853 0.01348747591522158
0 0.6200850159404888 0.2138728323699422 0.020191285866099893 0.015414258188824663
0 0.6009564293304994 0.6377649325626205 0.018065887353878853 0.015414258188824663
0 0.5722635494155154 0.5385356454720617 0.018065887353878853 0.01348747591522158
0 0.5781083953241233 0.3208092485549133 0.01700318809776833 0.017341040462427744