0 0.2168918918918919 0.09132189707366296 0.20405405405405408 0.13218970736629668
0 0.2533783783783784 0.11806256306760848 0.21756756756756757 0.026236125126135216
0 0.75 0.07265388496468214 0.1945945945945946 0.12916246215943492
0 0.2304054054054054 0.5893037336024218 0.041891891891891894 0.034308779011099896
0 0.23243243243243245 0.5968718466195762 0.02972972972972973 0.007063572149344097
0 0.6074324324324325 0.8324924318869829 0.060810810810810814 0.04238143289606458
0 0.8472972972972973 0.8410696266397578 0.051351351351351354 0.029263370332996974
0 0.35945945945945945 0.8980827447023209 0.02702702702702703 0.020181634712411706
0 0.1837837837837838 0.8234106962663976 0.05945945945945946 0.022199798183652877
0 0.35000000000000003 0.8668012108980827 0.05405405405405406 0.026236125126135216
0 0.7364864864864865 0.8779011099899092 0.02972972972972973 0.018163471241170535
0 0.8898648648648649 0.9621594349142281 0.05810810810810811 0.011099899091826439
0 0.8385135135135136 0.8335015136226034 0.05540540540540541 0.008072653884964682
0 0.6175675675675676 0.8380423814328961 0.062162162162162166 0.013118062563067608