0 0.642512077294686 0.34782608695652173 0.05475040257648953 0.02898550724637681
0 0.643317230273752 0.4045893719806763 0.05314009661835749 0.026570048309178744
0 0.6465378421900161 0.45652173913043476 0.05314009661835749 0.033816425120772944
0 0.644122383252818 0.5108695652173912 0.05152979066022544 0.03140096618357488
0 0.7415458937198067 0.33454106280193235 0.0821256038647343 0.036231884057971016
0 0.7560386473429952 0.40096618357487923 0.0853462157809984 0.043478260869565216
0 0.7592592592592593 0.464975845410628 0.0853462157809984 0.041062801932367145
0 0.7536231884057971 0.5301932367149759 0.08373590982286634 0.041062801932367145
0 0.9251207729468599 0.5531400966183575 0.1143317230273752 0.05314009661835749
0 0.926731078904992 0.47826086956521735 0.11755233494363929 0.04830917874396135
0 0.928341384863124 0.40096618357487923 0.11755233494363929 0.04830917874396135
0 0.9210950080515298 0.3248792270531401 0.11594202898550725 0.05072463768115942
0 0.5442834138486312 0.6231884057971014 0.05475040257648953 0.03864734299516908
0 0.47987117552334946 0.605072463768116 0.03864734299516908 0.03140096618357488
0 0.47020933977455714 0.48913043478260865 0.04508856682769726 0.026570048309178744
0 0.6529790660225443 0.6545893719806763 0.06924315619967794 0.04830917874396135
0 0.6497584541062802 0.716183574879227 0.07246376811594203 0.05555555555555555
0 0.6481481481481481 0.7789855072463768 0.06924315619967794 0.05555555555555555
0 0.785829307568438 0.7028985507246377 0.07729468599033816 0.03864734299516908
0 0.7818035426731079 0.7475845410628019 0.07246376811594203 0.04589371980676328
0 0.7793880837359098 0.8007246376811594 0.07085346215780998 0.05072463768115942
0 0.7785829307568438 0.8490338164251208 0.06924315619967794 0.05072463768115942
0 0.928341384863124 0.8067632850241545 0.10144927536231885 0.05797101449275362
0 0.9315619967793881 0.8683574879227053 0.10144927536231885 0.06038647342995169
0 0.926731078904992 0.9251207729468599 0.09822866344605476 0.06763285024154589
0 0.856682769726248 0.932367149758454 0.06763285024154589 0.05314009661835749
0 0.6392914653784219 0.5543478260869565 0.04186795491143317 0.021739130434782608
0 0.7721417069243156 0.2222222222222222 0.07890499194847021 0.03864734299516908
0 0.4363929146537842 0.932367149758454 0.03542673107890499 0.03864734299516908
0 0.47101449275362317 0.41183574879227053 0.043478260869565216 0.026570048309178744
0 0.5942028985507246 0.9420289855072463 0.04508856682769726 0.04830917874396135
0 0.5410628019323671 0.7294685990338164 0.05475040257648953 0.043478260869565216
0 0.5088566827697263 0.9227053140096618 0.03542673107890499 0.043478260869565216
0 0.5072463768115942 0.8780193236714976 0.04186795491143317 0.036231884057971016
0 0.5096618357487923 0.966183574879227 0.037037037037037035 0.03864734299516908
0 0.6400966183574879 0.8188405797101449 0.043478260869565216 0.03864734299516908
0 0.9186795491143317 0.1038647342995169 0.017713365539452495 0.0966183574879227
0 0.4082125603864734 0.5483091787439613 0.037037037037037035 0.024154589371980676
0 0.5909822866344605 0.9818840579710144 0.04186795491143317 0.026570048309178744
0 0.4436392914653784 0.8756038647342995 0.033816425120772944 0.036231884057971016
0 0.6376811594202898 0.2801932367149758 0.04186795491143317 0.01932367149758454
0 0.5491143317230274 0.678743961352657 0.04186795491143317 0.033816425120772944