0 0.13507462686567165 0.26105442176870747 0.09701492537313433 0.052721088435374146
0 0.6492537313432836 0.2602040816326531 0.0955223880597015 0.057823129251700675
0 0.13432835820895522 0.7729591836734694 0.09850746268656717 0.05612244897959184
0 0.6485074626865671 0.7746598639455782 0.09701492537313433 0.05612244897959184
0 0.09179104477611941 0.2193877551020408 0.028358208955223882 0.061224489795918366
0 0.07164179104477612 0.09268707482993196 0.03283582089552239 0.06292517006802721
0 0.441044776119403 0.03826530612244898 0.06417910447761194 0.015306122448979591
0 0.9552238805970149 0.03826530612244898 0.0626865671641791 0.015306122448979591
0 0.43955223880597016 0.5544217687074829 0.06119402985074627 0.017006802721088433
0 0.9544776119402986 0.5544217687074829 0.06119402985074627 0.017006802721088433
0 0.608955223880597 0.2185374149659864 0.026865671641791045 0.06292517006802721
0 0.09328358208955224 0.7321428571428571 0.028358208955223882 0.05952380952380952
0 0.6074626865671642 0.733843537414966 0.026865671641791045 0.05952380952380952
0 0.7731343283582089 0.7261904761904762 0.03283582089552239 0.023809523809523808
0 0.5850746268656717 0.09523809523809523 0.03582089552238806 0.06462585034013606
0 0.5850746268656717 0.6105442176870748 0.029850746268656716 0.06462585034013606
0 0.0708955223880597 0.608843537414966 0.03134328358208955 0.06802721088435373
0 0.8671641791044776 0.35374149659863946 0.03582089552238806 0.023809523809523808