0 0.63984375 0.4798206278026906 0.13593750000000002 0.053811659192825115
0 0.721875 0.4798206278026906 0.03125 0.05829596412556054
0 0.5515625000000001 0.4854260089686099 0.03125 0.05605381165919283
0 0.6937500000000001 0.624439461883408 0.021875000000000002 0.05605381165919283
0 0.82734375 0.6053811659192825 0.029687500000000002 0.05829596412556054
0 0.8031250000000001 0.5515695067264574 0.084375 0.04932735426008968
0 0.6687500000000001 0.5650224215246636 0.07500000000000001 0.05829596412556054
0 0.34765625 0.39798206278026904 0.0859375 0.07847533632286996
0 0.39765625000000004 0.38789237668161436 0.026562500000000003 0.21973094170403587
0 0.371875 0.4887892376681614 0.028125 0.09865470852017937
0 0.06796875000000001 0.29932735426008966 0.0390625 0.19506726457399104
0 0.14140625 0.4439461883408072 0.0578125 0.08520179372197309
0 0.71640625 0.5504484304932735 0.0734375 0.033632286995515695