0 0.18611111111111112 0.4937728937728938 0.08777777777777777 0.026373626373626374
0 0.31166666666666665 0.4912087912087912 0.08777777777777777 0.024175824175824177
0 0.44055555555555553 0.49230769230769234 0.09222222222222222 0.023443223443223443
0 0.56 0.4937728937728938 0.09111111111111111 0.02490842490842491
0 0.6833333333333333 0.4926739926739927 0.08888888888888889 0.027106227106227107
0 0.8077777777777778 0.4926739926739927 0.09111111111111111 0.027106227106227107
0 0.1527777777777778 0.8 0.11444444444444445 0.063003663003663
0 0.2972222222222222 0.7981684981684982 0.08777777777777777 0.1076923076923077
0 0.4255555555555556 0.8018315018315019 0.12 0.05934065934065934
0 0.5677777777777778 0.7915750915750915 0.09333333333333334 0.10622710622710622
0 0.7016666666666667 0.8010989010989011 0.12111111111111111 0.06227106227106227
0 0.8394444444444444 0.7963369963369963 0.09 0.10402930402930403