0 0.07702464788732395 0.21014492753623187 0.0272887323943662 0.1038647342995169
0 0.18265845070422534 0.1497584541062802 0.13996478873239437 0.12801932367149757
0 0.3259242957746479 0.09480676328502415 0.08494718309859155 0.1896135265700483
0 0.03697183098591549 0.5036231884057971 0.01584507042253521 0.05797101449275362
0 0.12279929577464789 0.48913043478260865 0.029049295774647887 0.05314009661835749
0 0.20906690140845072 0.49516908212560384 0.020246478873239437 0.05555555555555555
0 0.26452464788732394 0.5120772946859903 0.030809859154929578 0.04589371980676328
0 0.34903169014084506 0.43115942028985504 0.023767605633802816 0.06763285024154589
0 0.5110035211267606 0.4021739130434782 0.05017605633802817 0.07729468599033816
0 0.6355633802816901 0.41183574879227053 0.019366197183098594 0.07246376811594203
0 0.6773767605633803 0.4492753623188406 0.023767605633802816 0.05555555555555555
0 0.7984154929577465 0.15579710144927536 0.022887323943661973 0.13043478260869565
0 0.8534330985915494 0.23429951690821255 0.06073943661971831 0.15217391304347824
0 0.8983274647887324 0.33695652173913043 0.030809859154929578 0.09178743961352656