0 0.19852034525277434 0.5524809160305343 0.14303329223181258 0.15458015267175573
0 0.4272503082614057 0.5620229007633587 0.07521578298397041 0.07442748091603053
0 0.3310727496917386 0.2958015267175572 0.05055487053020962 0.12595419847328243
0 0.5203452527743526 0.4952290076335878 0.05425400739827374 0.051526717557251904
0 0.5431565967940813 0.23473282442748092 0.12453760789149199 0.11450381679389313
0 0.435881627620222 0.2232824427480916 0.04808877928483354 0.026717557251908396
0 0.7700369913686806 0.3730916030534351 0.16399506781750925 0.13549618320610687
0 0.6325524044389642 0.37404580152671757 0.08384710234278668 0.07633587786259542
0 0.6658446362515413 0.22423664122137404 0.03945745992601726 0.02862595419847328
0 0.17570900123304561 0.6307251908396946 0.0530209617755857 0.051526717557251904
0 0.43711467324291 0.666030534351145 0.0530209617755857 0.026717557251908396
0 0.6596794081381011 0.6154580152671756 0.036991368680641186 0.02862595419847328
0 0.7774352651048089 0.5801526717557252 0.02096177558569667 0.022900763358778626
0 0.8495684340320592 0.4341603053435114 0.03945745992601726 0.02099236641221374