0 0.09228515625 0.2652439024390244 0.0654296875 0.054878048780487805
0 0.22607421875 0.2682926829268293 0.0595703125 0.06097560975609756
0 0.35693359375 0.26753048780487804 0.0595703125 0.056402439024390245
0 0.4892578125 0.2690548780487805 0.060546875 0.06554878048780488
0 0.62646484375 0.26448170731707316 0.0654296875 0.06554878048780488
0 0.75439453125 0.2705792682926829 0.0634765625 0.06554878048780488
0 0.88427734375 0.256859756097561 0.0634765625 0.06554878048780488
0 0.1044921875 0.7027439024390244 0.111328125 0.07317073170731708
0 0.22705078125 0.6951219512195123 0.1220703125 0.0701219512195122
0 0.3623046875 0.6981707317073171 0.119140625 0.06707317073170732
0 0.48828125 0.6981707317073171 0.1171875 0.07621951219512195
0 0.634765625 0.6974085365853658 0.1171875 0.07469512195121951
0 0.75244140625 0.701219512195122 0.1162109375 0.07621951219512195
0 0.8779296875 0.6981707317073171 0.123046875 0.07621951219512195