0 0.8266666666666668 0.46 0.043333333333333335 0.044444444444444446
0 0.7408333333333333 0.5011111111111111 0.06166666666666667 0.06
0 0.7416666666666667 0.5455555555555556 0.06666666666666667 0.024444444444444446
0 0.8250000000000001 0.4855555555555556 0.043333333333333335 0.02
0 0.6283333333333334 0.7322222222222222 0.07666666666666667 0.08666666666666667
0 0.625 0.7877777777777778 0.07666666666666667 0.042222222222222223
0 0.24000000000000002 0.6322222222222222 0.03333333333333333 0.042222222222222223
0 0.12083333333333333 0.6188888888888889 0.035 0.05555555555555555
0 0.12250000000000001 0.6577777777777778 0.03833333333333334 0.026666666666666665
0 0.23750000000000002 0.66 0.035 0.022222222222222223
0 0.34500000000000003 0.5577777777777778 0.03333333333333333 0.044444444444444446
0 0.34500000000000003 0.5855555555555556 0.03666666666666667 0.02
0 0.22666666666666668 0.46 0.03333333333333333 0.04888888888888889
0 0.2275 0.4911111111111111 0.03166666666666667 0.017777777777777778
0 0.4391666666666667 0.44222222222222224 0.028333333333333335 0.035555555555555556
0 0.44333333333333336 0.5633333333333334 0.02 0.03777777777777778
0 0.43333333333333335 0.2922222222222222 0.02 0.028888888888888888