0 0.547 0.57675 0.052000000000000005 0.0145
0 0.34675 0.50725 0.0445 0.0375
0 0.468 0.50025 0.04 0.0385
0 0.5815 0.4925 0.048 0.033
0 0.68875 0.48225 0.043500000000000004 0.0375
0 0.25 0.6315000000000001 0.024 0.045
0 0.48575 0.62225 0.043500000000000004 0.0425
0 0.60175 0.61125 0.0385 0.043500000000000004
0 0.706 0.60075 0.034 0.0415
0 0.48825 0.745 0.0365 0.047
0 0.6002500000000001 0.731 0.0395 0.04
0 0.70825 0.71725 0.0345 0.0395
0 0.36375 0.76025 0.043500000000000004 0.043500000000000004
0 0.26275 0.753 0.0205 0.046