0 0.36908517350157727 0.3066825775656325 0.21766561514195584 0.15990453460620527
0 0.06388012618296529 0.28878281622911695 0.12776025236593058 0.11455847255369929
0 0.35173501577287064 0.05847255369928401 0.1198738170347003 0.11694510739856802
0 0.051261829652996846 0.060859188544152745 0.10252365930599369 0.12171837708830549
0 0.6048895899053628 0.36873508353221957 0.06782334384858044 0.021479713603818618
0 0.6056782334384858 0.44630071599045346 0.0694006309148265 0.023866348448687354
0 0.7137223974763407 0.4427207637231504 0.05205047318611987 0.021479713603818618
0 0.7160883280757098 0.522673031026253 0.05362776025236593 0.01909307875894988
0 0.6892744479495267 0.6754176610978521 0.07570977917981073 0.028639618138424822
0 0.6908517350157728 0.788782816229117 0.07570977917981073 0.03102625298329356
0 0.8312302839116719 0.05966587112171838 0.05362776025236593 0.03341288782816229
0 0.8272870662460567 0.15990453460620527 0.05205047318611987 0.03341288782816229
0 0.8272870662460567 0.2613365155131265 0.05205047318611987 0.03102625298329356
0 0.8272870662460567 0.3281622911694511 0.04574132492113565 0.03579952267303103
0 0.8123028391167192 0.4797136038186158 0.03785488958990536 0.03341288782816229
0 0.8162460567823343 0.5775656324582339 0.02365930599369085 0.03341288782816229
0 0.9550473186119873 0.07517899761336516 0.08675078864353312 0.15035799522673032
0 0.9550473186119873 0.27804295942720764 0.08675078864353312 0.15513126491646778
0 0.3115141955835962 0.7875894988066826 0.08990536277602523 0.03341288782816229
0 0.4282334384858044 0.7684964200477328 0.07728706624605677 0.042959427207637235
0 0.556782334384858 0.7422434367541767 0.10725552050473186 0.081145584725537
0 0.31230283911671924 0.8949880668257757 0.08517350157728706 0.028639618138424822
0 0.4258675078864353 0.9033412887828163 0.08832807570977917 0.03102625298329356
0 0.5457413249211356 0.9009546539379475 0.0914826498422713 0.03102625298329356
0 0.6656151419558359 0.9045346062052506 0.08832807570977917 0.028639618138424822
0 0.8028391167192429 0.8949880668257757 0.1198738170347003 0.03341288782816229
0 0.32334384858044163 0.6945107398568019 0.03785488958990536 0.01909307875894988
0 0.7902208201892744 0.7637231503579953 0.07886435331230283 0.03818615751789976
0 0.5173501577287066 0.5465393794749404 0.00946372239747634 0.09069212410501194