0 0.8634751773049645 0.080625 0.15602836879432624 0.02375
0 0.1125886524822695 0.88875 0.12943262411347517 0.03
0 0.30141843971631205 0.864375 0.1595744680851064 0.02875
0 0.5053191489361702 0.8975 0.1773049645390071 0.0275
0 0.6914893617021276 0.8725 0.1631205673758865 0.035
0 0.8218085106382979 0.8150000000000001 0.10460992907801418 0.0275
0 0.42907801418439717 0.69125 0.04964539007092199 0.025
0 0.9095744680851063 0.87625 0.0673758865248227 0.0325
0 0.06471631205673758 0.735 0.044326241134751775 0.0125
0 0.325354609929078 0.600625 0.0726950354609929 0.01375
0 0.5115248226950354 0.631875 0.07624113475177305 0.01375
0 0.6852836879432624 0.6075 0.06914893617021277 0.015
0 0.7934397163120567 0.5625 0.03723404255319149 0.0125
0 0.851063829787234 0.62 0.03900709219858156 0.0125
0 0.9352836879432624 0.71875 0.02304964539007092 0.0125
0 0.15159574468085105 0.626875 0.06560283687943262 0.01375
0 0.2225177304964539 0.5181250000000001 0.04078014184397163 0.01375
0 0.3226950354609929 0.45937500000000003 0.06028368794326241 0.01125
0 0.4521276595744681 0.43875000000000003 0.07092198581560283 0.0125
0 0.6773049645390071 0.47125 0.06382978723404255 0.0125
0 0.6143617021276596 0.359375 0.030141843971631204 0.01375
0 0.5709219858156028 0.53625 0.028368794326241134 0.0125
0 0.45478723404255317 0.83875 0.07624113475177305 0.0625
0 0.6551418439716312 0.813125 0.08333333333333333 0.058750000000000004
0 0.25354609929078015 0.805 0.05319148936170213 0.0625
0 0.8120567375886525 0.759375 0.0673758865248227 0.05625