0 0.20319148936170214 0.5296442687747035 0.16382978723404257 0.12252964426877469
0 0.36436170212765956 0.5662055335968379 0.17127659574468085 0.13636363636363635
0 0.5531914893617021 0.5889328063241106 0.2 0.13043478260869565
0 0.7755319148936171 0.6185770750988142 0.2042553191489362 0.13043478260869565
0 0.9377659574468086 0.5820158102766798 0.11595744680851064 0.11660079051383399
0 0.06382978723404255 0.5207509881422925 0.1148936170212766 0.10869565217391304
0 0.21648936170212765 0.6521739130434783 0.13297872340425532 0.10276679841897232
0 0.3515957446808511 0.683794466403162 0.12659574468085105 0.10276679841897232
0 0.549468085106383 0.7183794466403162 0.14361702127659576 0.10869565217391304
0 0.7867021276595745 0.7490118577075098 0.13936170212765958 0.11462450592885375
0 0.9515957446808511 0.6946640316205533 0.08404255319148936 0.10474308300395256
0 0.0398936170212766 0.6383399209486166 0.0797872340425532 0.10276679841897232