0 0.03668261562998405 0.2953020134228188 0.03827751196172249 0.03355704697986577
0 0.15231259968102073 0.6174496644295302 0.12599681020733652 0.10067114093959731
0 0.27910685805422647 0.5939597315436241 0.04784688995215311 0.087248322147651
0 0.4178628389154705 0.8238255033557047 0.04146730462519936 0.030201342281879193
0 0.7424242424242424 0.5553691275167785 0.22169059011164274 0.15771812080536912
0 0.7687400318979266 0.25838926174496646 0.20095693779904306 0.12751677852348994
0 0.5334928229665071 0.3087248322147651 0.18341307814992025 0.31543624161073824
0 0.3189792663476874 0.2902684563758389 0.1722488038277512 0.2181208053691275
0 0.22567783094098884 0.1912751677852349 0.03987240829346093 0.0738255033557047
0 0.4090909090909091 0.06711409395973154 0.04944178628389155 0.08053691275167785
0 0.6810207336523126 0.10570469798657718 0.03508771929824561 0.07046979865771812
0 0.6140350877192983 0.41778523489932884 0.05741626794258373 0.1040268456375839