0 0.21636363636363637 0.8511326860841424 0.2727272727272727 0.2783171521035599
0 0.5836363636363636 0.7443365695792881 0.14909090909090908 0.1877022653721683
0 0.730909090909091 0.6537216828478964 0.11636363636363636 0.12944983818770228
0 0.8336363636363636 0.6051779935275081 0.08545454545454545 0.0970873786407767
0 0.9172727272727272 0.5501618122977346 0.03090909090909091 0.05825242718446602
0 0.18545454545454546 0.35760517799352753 0.3381818181818182 0.6504854368932039
0 0.5572727272727273 0.3980582524271845 0.18 0.4595469255663431
0 0.71 0.3883495145631068 0.13272727272727272 0.3365695792880259
0 0.8209090909090909 0.39482200647249194 0.0890909090909091 0.2783171521035599
0 0.8827272727272727 0.40129449838187703 0.038181818181818185 0.22653721682847897
0 0.9136363636363637 0.40129449838187703 0.03090909090909091 0.20064724919093851
0 0.9536363636363636 0.40291262135922334 0.034545454545454546 0.1779935275080906
0 0.9818181818181818 0.39482200647249194 0.02909090909090909 0.16828478964401294