0 0.09875 0.5272479564032697 0.04125 0.015440508628519527
0 0.15875 0.514078110808356 0.0375 0.012715712988192553
0 0.2278125 0.5145322434150772 0.036875 0.013623978201634877
0 0.2853125 0.5272479564032697 0.041875 0.013623978201634877
0 0.099375 0.3832879200726612 0.0325 0.010899182561307902
0 0.160625 0.3832879200726612 0.03 0.010899182561307902
0 0.2275 0.38283378746594005 0.03 0.011807447774750226
0 0.28625 0.3837420526793824 0.03 0.009990917347865577
0 0.1921875 0.7415985467756585 0.073125 0.022706630336058128
0 0.4715625 0.3896457765667575 0.033125 0.012715712988192553
0 0.6196875000000001 0.38828337874659397 0.030625 0.009990917347865577
0 0.77375 0.3891916439600363 0.0325 0.013623978201634877
0 0.91625 0.3896457765667575 0.03375 0.010899182561307902
0 0.4721875 0.27565849227974565 0.025625000000000002 0.009990917347865577
0 0.6221875 0.27520435967302453 0.025625000000000002 0.010899182561307902
0 0.774375 0.27565849227974565 0.025 0.009990917347865577
0 0.9175 0.27520435967302453 0.025 0.010899182561307902