0 0.30000000000000004 0.3964194373401535 0.265625 0.07672634271099744
0 0.77109375 0.3874680306905371 0.2546875 0.0690537084398977
0 0.6960937500000001 0.1585677749360614 0.20468750000000002 0.04603580562659847
0 0.32734375000000004 0.1636828644501279 0.2078125 0.05626598465473146
0 0.309375 0.6585677749360614 0.321875 0.10997442455242967
0 0.784375 0.6496163682864451 0.31562500000000004 0.11253196930946292
0 0.4 0.8606138107416881 0.225 0.0639386189258312
0 0.671875 0.8670076726342711 0.275 0.10230179028132994
0 0.759375 0.7352941176470589 0.16562500000000002 0.0639386189258312
0 0.31875000000000003 0.7493606138107417 0.16875 0.07161125319693096
0 0.75703125 0.32608695652173914 0.1328125 0.04859335038363172
0 0.31093750000000003 0.3337595907928389 0.14375000000000002 0.04859335038363172
0 0.6875 0.12148337595907929 0.1 0.03324808184143223
0 0.3375 0.12531969309462918 0.10312500000000001 0.030690537084398978