0 0.9266177451634422 0.865296803652968 0.08272181454302868 0.1415525114155251
0 0.15677118078719146 0.6569634703196346 0.06137424949966644 0.12214611872146118
0 0.1057371581054036 0.2682648401826484 0.05803869246164109 0.1095890410958904
0 0.2805203468979319 0.2545662100456621 0.03402268178785857 0.0684931506849315
0 0.22815210140093395 0.4417808219178082 0.06137424949966644 0.1141552511415525
0 0.20180120080053368 0.2722602739726027 0.06737825216811207 0.12214611872146118
0 0.1437625083388926 0.43778538812785384 0.04736490993995997 0.12214611872146118
0 0.0610406937958639 0.6660958904109588 0.06204136090727151 0.1267123287671233
0 0.24649766511007337 0.6484018264840182 0.06737825216811207 0.1278538812785388
0 0.3545697131420947 0.6364155251141552 0.04336224149432955 0.08561643835616438
0 0.3275517011340894 0.410958904109589 0.045363575717144757 0.12100456621004566
0 0.390927284856571 0.2785388127853881 0.04136090727151434 0.1050228310502283
0 0.49299533022014674 0.23116438356164382 0.0600400266844563 0.11073059360730593
0 0.571714476317545 0.29166666666666663 0.0466977985323549 0.1769406392694064
0 0.49699799866577715 0.4657534246575342 0.0400266844563042 0.1095890410958904
0 0.41027351567711806 0.4828767123287671 0.05870580386924616 0.1141552511415525
0 0.4272848565710473 0.6518264840182648 0.07004669779853234 0.091324200913242
0 0.5176784523015343 0.6655251141552511 0.0733822548365577 0.13470319634703196
0 0.5967311541027351 0.7094748858447488 0.04336224149432955 0.07191780821917808
0 0.5610406937958639 0.4811643835616438 0.03869246164109406 0.07191780821917808
0 0.5987324883255504 0.8013698630136986 0.03935957304869913 0.02968036529680365
0 0.05603735823882588 0.7791095890410958 0.03468979319546364 0.026255707762557076
0 0.1467645096731154 0.7705479452054794 0.02801867911941294 0.0273972602739726
0 0.24182788525683788 0.7705479452054794 0.03402268178785857 0.0273972602739726
0 0.3645763842561707 0.7768264840182648 0.03802535023348899 0.023972602739726026