0 0.42226562500000003 0.29987129987129985 0.10078125 0.0592020592020592
0 0.172265625 0.4099099099099099 0.20234375000000002 0.1274131274131274
0 0.13046875 0.7059202059202059 0.1703125 0.14285714285714285
0 0.40390625 0.592020592020592 0.1 0.05405405405405405
0 0.183984375 0.1525096525096525 0.10390625 0.10682110682110682
0 0.18203125 0.21235521235521235 0.06406250000000001 0.06177606177606178
0 0.6390625000000001 0.28442728442728443 0.1625 0.10553410553410553
0 0.5964843750000001 0.1731016731016731 0.08984375 0.06563706563706563
0 0.85546875 0.1364221364221364 0.11093750000000001 0.06435006435006435
0 0.8636718750000001 0.06177606177606178 0.19296875000000002 0.10553410553410553
0 0.5984375000000001 0.1048906048906049 0.15625 0.0990990990990991
0 0.2921875 0.21299871299871298 0.045312500000000006 0.03732303732303732
0 0.32421875 0.31917631917631917 0.0703125 0.06177606177606178
0 0.5265625 0.611969111969112 0.1125 0.07335907335907335
0 0.72265625 0.620978120978121 0.134375 0.08108108108108107
0 0.895703125 0.6196911196911197 0.15546875000000002 0.07078507078507078
0 0.642578125 0.9182754182754183 0.12734375 0.1583011583011583
0 0.56875 0.8931788931788931 0.0859375 0.08494208494208494
0 0.3765625 0.7445302445302445 0.1625 0.039897039897039896
0 0.77265625 0.5135135135135135 0.0546875 0.03346203346203346
0 0.7609375 0.47425997425997424 0.065625 0.04247104247104247
0 0.671875 0.47425997425997424 0.05 0.032175032175032175
0 0.37578125 0.48326898326898327 0.037500000000000006 0.039897039897039896
0 0.942578125 0.48198198198198194 0.07890625000000001 0.047619047619047616
0 0.94453125 0.5218790218790219 0.059375000000000004 0.03474903474903475
0 0.810546875 0.2528957528957529 0.14453125 0.0785070785070785
0 0.03515625 0.07979407979407979 0.0703125 0.10553410553410553
0 0.0203125 0.14864864864864866 0.040625 0.05791505791505791