0 0.6006451612903225 0.11003861003861004 0.08645161290322581 0.06563706563706564
0 0.8464516129032258 0.04633204633204634 0.13419354838709677 0.09266409266409267
0 0.8638709677419355 0.8281853281853282 0.18193548387096775 0.11969111969111969
0 0.604516129032258 0.7036679536679536 0.0967741935483871 0.07142857142857142
0 0.43032258064516127 0.21814671814671815 0.05548387096774193 0.04633204633204634
0 0.4038709677419355 0.6795366795366795 0.05935483870967742 0.0501930501930502
0 0.2954838709677419 0.6496138996138996 0.03612903225806452 0.0444015444015444
0 0.13483870967741934 0.61003861003861 0.02193548387096774 0.02702702702702703
0 0.09612903225806452 0.5945945945945946 0.01935483870967742 0.02316602316602317
0 0.15483870967741936 0.30694980694980695 0.0232258064516129 0.02702702702702703
0 0.11870967741935484 0.3455598455598456 0.015483870967741935 0.019305019305019305
0 0.36451612903225805 0.14189189189189189 0.016774193548387096 0.017374517374517374
0 0.22 0.29633204633204635 0.02193548387096774 0.02895752895752896
0 0.15548387096774194 0.041505791505791506 0.01935483870967742 0.03281853281853282