0 0.2534607778510217 0.20384615384615384 0.017798286090969017 0.013846153846153847
0 0.13480553724456162 0.21 0.015161502966381014 0.02
0 0.1994067237969677 0.7846153846153846 0.027027027027027025 0.055384615384615386
0 0.24785761371127224 0.7753846153846153 0.031641397495056026 0.09846153846153846
0 0.14963744232036913 0.7746153846153846 0.023731048121292023 0.04153846153846154
0 0.14930784442979564 0.7346153846153847 0.017798286090969017 0.026153846153846153
0 0.14765985497692813 0.6007692307692307 0.015820698747528013 0.023076923076923078
0 0.14700065919578115 0.4876923076923077 0.017139090309822014 0.021538461538461538
0 0.14436387607119314 0.36846153846153845 0.017139090309822014 0.023076923076923078
0 0.4818721160184574 0.17846153846153845 0.029004614370468026 0.021538461538461538
0 0.570533948582729 0.8084615384615385 0.04021094264996704 0.08153846153846153
0 0.48450889914304546 0.8815384615384615 0.04087013843111404 0.04
0 0.48747528015820696 0.6746153846153846 0.028345418589321027 0.026153846153846153
0 0.48615688859591294 0.8338461538461538 0.028345418589321027 0.024615384615384615
0 0.7429136453526697 0.29384615384615387 0.02109426499670402 0.01846153846153846
0 0.7511535926170072 0.4592307692307692 0.02175346077785102 0.023076923076923078
0 0.7488464073829927 0.5769230769230769 0.02241265655899802 0.024615384615384615
0 0.7481872116018456 0.6953846153846154 0.02109426499670402 0.024615384615384615
0 0.7478576137112722 0.8307692307692308 0.02043506921555702 0.027692307692307693
0 0.7475280158206987 0.8715384615384615 0.029004614370468026 0.04461538461538461
0 0.8160843770599867 0.8761538461538462 0.039551746868820035 0.05384615384615385
0 0.8061964403427817 0.12615384615384614 0.017139090309822014 0.13230769230769232
0 0.8408042188529993 0.38384615384615384 0.017798286090969017 0.02
0 0.8355306526038233 0.6292307692307693 0.016479894528675015 0.021538461538461538
0 0.8549769281476598 0.8515384615384616 0.014502307185234013 0.10615384615384615
0 0.8727752142386288 0.7853846153846153 0.013183915622940013 0.09384615384615384