0 0.4704519119351101 0.39964028776978416 0.10428736964078794 0.04964028776978417
0 0.46929316338354576 0.43489208633093523 0.18076477404403243 0.03381294964028777
0 0.3505214368482039 0.33309352517985613 0.026651216685979143 0.017266187050359712
0 0.373117033603708 0.32410071942446045 0.030127462340672075 0.029496402877697843
0 0.5614136732329085 0.5161870503597122 0.012746234067207415 0.00935251798561151
0 0.7456546929316338 0.8647482014388489 0.06836616454229433 0.015827338129496403
0 0.7531865585168018 0.7884892086330936 0.07184241019698726 0.014388489208633094
0 0.884125144843569 0.789568345323741 0.07184241019698726 0.01942446043165468
0 0.8852838933951332 0.826978417266187 0.07415990730011587 0.01366906474820144
0 0.8783314020857473 0.8640287769784173 0.07415990730011587 0.015827338129496403
0 0.7439165701042874 0.7510791366906475 0.027809965237543453 0.007194244604316547
0 0.8690614136732329 0.7507194244604317 0.02549246813441483 0.007913669064748202