0 0.39187500000000003 0.4282470481380563 0.065 0.05722070844686648
0 0.748125 0.35013623978201636 0.058750000000000004 0.04995458673932788
0 0.1740625 0.4323342415985468 0.056875 0.09627611262488646
0 0.231875 0.6716621253405994 0.04125 0.06811989100817438
0 0.2596875 0.6970935513169846 0.021875000000000002 0.04087193460490463
0 0.23093750000000002 0.40326975476839233 0.009375 0.1271571298819255
0 0.2553125 0.4523160762942779 0.010625 0.10717529518619437
0 0.5590625 0.35967302452316074 0.053125 0.08537693006357856
0 0.606875 0.5635785649409627 0.03625 0.06085376930063578
0 0.635625 0.5867393278837421 0.01875 0.03451407811080835
0 0.606875 0.3278837420526794 0.01125 0.11625794732061762
0 0.62875 0.3796548592188919 0.01125 0.07992733878292461
0 0.351875 0.22706630336058128 0.0825 0.0326975476839237
0 0.2721875 0.17166212534059944 0.079375 0.027247956403269755
0 0.644375 0.12806539509536785 0.065 0.023614895549500452
0 0.71 0.17529518619436876 0.0725 0.019981834695731154