0 0.6656976744186046 0.49843750000000003 0.16627906976744186 0.203125
0 0.877906976744186 0.240625 0.03255813953488372 0.05625
0 0.7069767441860465 0.2765625 0.16279069767441862 0.184375
0 0.2133720930232558 0.49062500000000003 0.06162790697674418 0.1125
0 0.325 0.421875 0.06395348837209303 0.05
0 0.9261627906976744 0.403125 0.031395348837209305 0.037500000000000006
0 0.563953488372093 0.4375 0.020930232558139535 0.043750000000000004
0 0.475 0.15937500000000002 0.01744186046511628 0.037500000000000006
0 0.475 0.259375 0.01744186046511628 0.037500000000000006
0 0.5203488372093024 0.21250000000000002 0.01744186046511628 0.037500000000000006
0 0.5645348837209302 0.1640625 0.01744186046511628 0.034375
0 0.5651162790697675 0.265625 0.01627906976744186 0.043750000000000004
0 0.5197674418604651 0.1125 0.018604651162790697 0.037500000000000006
0 0.5645348837209302 0.065625 0.01744186046511628 0.043750000000000004
0 0.5209302325581395 0.0171875 0.01627906976744186 0.034375
0 0.475 0.0625 0.015116279069767442 0.05
0 0.42965116279069765 0.20625000000000002 0.01744186046511628 0.037500000000000006
0 0.42965116279069765 0.309375 0.019767441860465116 0.043750000000000004
0 0.4313953488372093 0.1078125 0.018604651162790697 0.040625
0 0.386046511627907 0.15625 0.018604651162790697 0.037500000000000006
0 0.3877906976744186 0.0578125 0.019767441860465116 0.034375
0 0.38488372093023254 0.2546875 0.018604651162790697 0.034375
0 0.4319767441860465 0.0203125 0.015116279069767442 0.040625
0 0.338953488372093 0.3046875 0.019767441860465116 0.040625
0 0.34186046511627904 0.203125 0.01627906976744186 0.043750000000000004
0 0.34244186046511627 0.1046875 0.019767441860465116 0.034375
0 0.608139534883721 0.1171875 0.018604651162790697 0.040625
0 0.6087209302325581 0.0171875 0.01744186046511628 0.034375
0 0.6523255813953488 0.06875 0.018604651162790697 0.037500000000000006
0 0.6517441860465116 0.16718750000000002 0.01744186046511628 0.040625
0 0.6947674418604651 0.115625 0.01744186046511628 0.037500000000000006
0 0.6959302325581396 0.021875000000000002 0.01744186046511628 0.03125
0 0.29534883720930233 0.253125 0.01627906976744186 0.037500000000000006
0 0.2982558139534884 0.153125 0.019767441860465116 0.043750000000000004
0 0.2988372093023256 0.0546875 0.018604651162790697 0.040625
0 0.10697674418604651 0.671875 0.15813953488372093 0.08750000000000001
0 0.8796511627906977 0.30781250000000004 0.05930232558139535 0.053125000000000006