0 0.48090277777777773 0.28125 0.08333333333333333 0.057870370370370364
0 0.41666666666666663 0.2743055555555555 0.034722222222222224 0.0625
0 0.650173611111111 0.2789351851851852 0.057291666666666664 0.04398148148148148
0 0.4427083333333333 0.3344907407407407 0.034722222222222224 0.034722222222222224
0 0.5381944444444444 0.34375 0.03125 0.03009259259259259
0 0.3289930555555555 0.3263888888888889 0.046875 0.037037037037037035
0 0.6675347222222222 0.3344907407407407 0.043402777777777776 0.020833333333333332
0 0.8020833333333333 0.32060185185185186 0.05208333333333333 0.03009259259259259
0 0.954861111111111 0.30439814814814814 0.059027777777777776 0.03009259259259259
0 0.618923611111111 0.6747685185185185 0.140625 0.04398148148148148
0 0.6354166666666666 0.33796296296296297 0.010416666666666666 0.023148148148148147
0 0.767361111111111 0.32407407407407407 0.017361111111111112 0.032407407407407406
0 0.9149305555555555 0.30671296296296297 0.020833333333333332 0.03009259259259259
0 0.2282986111111111 0.24421296296296294 0.10243055555555555 0.0625
0 0.18055555555555555 0.3171296296296296 0.06944444444444445 0.037037037037037035
0 0.9010416666666666 0.24189814814814814 0.10069444444444443 0.034722222222222224