0 0.46832684824902726 0.5663547426626967 0.0529182879377432 0.036154827732879626
0 0.5228015564202335 0.5652913653764355 0.04824902723735409 0.034028073160357296
0 0.4679377431906615 0.28881327094853254 0.011673151750972763 0.13185878349638452
0 0.5243579766536965 0.29306678009357723 0.010894941634241246 0.12760527435133986
0 0.08443579766536966 0.34347086346235645 0.01727626459143969 0.042960442364951085
0 0.0864591439688716 0.5616758826031476 0.029416342412451363 0.025946405784772437
0 0.17447470817120625 0.5370055295618886 0.03330739299610895 0.021692896639727777
0 0.2742412451361868 0.5869842620161634 0.04046692607003891 0.02807316035729477
0 0.31961089494163425 0.5920884729902169 0.040933852140077824 0.026371756699276903
0 0.3668482490272374 0.596767333049766 0.04202334630350195 0.027222458528285837
0 0.41494163424124514 0.5982560612505317 0.0442023346303502 0.028498511271799237
0 0.5733852140077822 0.5129732028923862 0.03859922178988327 0.016163334751169715
0 0.6211673151750973 0.5125478519778818 0.03859922178988327 0.017014036580178648
0 0.6725291828793775 0.604849000425351 0.049494163424124514 0.08081667375584858
0 0.7207782101167316 0.6022968949383242 0.04669260700389105 0.07741386643981285
0 0.8136186770428017 0.5706082518077414 0.04155642023346304 0.03530412590387069
0 0.9167315175097277 0.5427477669076989 0.0529182879377432 0.08592088472990217
0 0.8593774319066149 0.5908124202467036 0.03003891050583658 0.04934070608251808
0 0.12918287937743192 0.5916631220757125 0.0311284046692607 0.0893236920459379
0 0.7684046692607004 0.5818800510421097 0.0445136186770428 0.04253509145044662