0 0.5984654731457801 0.8216666666666668 0.38363171355498726 0.06333333333333334
0 0.5959079283887468 0.8866666666666667 0.22506393861892585 0.060000000000000005
0 0.8158567774936062 0.18333333333333335 0.08184143222506395 0.016666666666666666
0 0.813299232736573 0.30083333333333334 0.07672634271099744 0.015000000000000001
0 0.8107416879795397 0.4216666666666667 0.07672634271099744 0.016666666666666666
0 0.8094629156010231 0.5416666666666667 0.0792838874680307 0.016666666666666666
0 0.8043478260869565 0.66 0.0741687979539642 0.016666666666666666
0 0.34271099744245526 0.7233333333333334 0.05626598465473146 0.016666666666666666
0 0.8145780051150896 0.19583333333333336 0.03836317135549872 0.011666666666666667
0 0.813299232736573 0.31333333333333335 0.04603580562659847 0.01
0 0.8107416879795397 0.43500000000000005 0.04092071611253197 0.01
0 0.8094629156010231 0.5566666666666668 0.04347826086956522 0.01
0 0.8069053708439898 0.6716666666666667 0.03836317135549872 0.013333333333333334
0 0.2915601023017903 0.6641666666666667 0.07161125319693096 0.025
0 0.30051150895140666 0.6333333333333334 0.0690537084398977 0.05333333333333334