0 0.7393333333333333 0.7665000000000001 0.04933333333333333 0.047
0 0.30966666666666665 0.7055 0.162 0.125
0 0.14933333333333332 0.6775 0.04933333333333333 0.021
0 0.11666666666666667 0.6795 0.021333333333333333 0.027
0 0.08966666666666666 0.781 0.03266666666666666 0.022
0 0.5273333333333333 0.76 0.04133333333333333 0.032
0 0.485 0.773 0.033999999999999996 0.038
0 0.32 0.8165 0.12533333333333332 0.11900000000000001
0 0.27066666666666667 0.79 0.044 0.046
0 0.22066666666666665 0.7135 0.030666666666666665 0.021
0 0.732 0.91 0.044 0.022
0 0.4056666666666667 0.7355 0.043333333333333335 0.019
0 0.13799999999999998 0.737 0.06133333333333333 0.038
0 0.658 0.8495 0.08266666666666667 0.039