0 0.581 0.33 0.098 0.035
0 0.714 0.315 0.112 0.04
0 0.897 0.30125 0.122 0.0425
0 0.607 0.71 0.05 0.04
0 0.26 0.80375 0.044 0.0275
0 0.185 0.7987500000000001 0.042 0.0175
0 0.29 0.74125 0.044 0.0175
0 0.292 0.68625 0.044 0.0225
0 0.298 0.62875 0.048 0.0175
0 0.229 0.5750000000000001 0.046 0.015
0 0.159 0.5775 0.042 0.02
0 0.089 0.57625 0.042 0.0175
0 0.093 0.62625 0.038 0.0225
0 0.092 0.67875 0.04 0.0225
0 0.092 0.725 0.036000000000000004 0.025
0 0.049 0.795 0.042 0.025
0 0.153 0.73375 0.046 0.0175
0 0.215 0.7375 0.042 0.02
0 0.249 0.7125 0.042 0.02
0 0.224 0.63 0.044 0.02
0 0.155 0.68 0.042 0.02
0 0.155 0.62875 0.042 0.0225