0 0.5425 0.8531598513011152 0.085 0.06319702602230483
0 0.33416666666666667 0.16728624535315983 0.07833333333333334 0.10408921933085502
0 0.42333333333333334 0.14312267657992564 0.11333333333333334 0.055762081784386616
0 0.5341666666666667 0.14684014869888476 0.09833333333333334 0.1003717472118959
0 0.6183333333333334 0.19144981412639403 0.06333333333333334 0.11524163568773234
0 0.7041666666666667 0.1524163568773234 0.09833333333333334 0.08178438661710037
0 0.8058333333333334 0.19516728624535315 0.09833333333333334 0.11524163568773234
0 0.13833333333333334 0.2899628252788104 0.12000000000000001 0.05947955390334572
0 0.15916666666666668 0.3643122676579926 0.11166666666666668 0.04460966542750929
0 0.2525 0.3048327137546468 0.07500000000000001 0.13382899628252787
0 0.15333333333333335 0.47211895910780666 0.08333333333333334 0.14126394052044608
0 0.06333333333333334 0.5371747211895911 0.08666666666666667 0.06319702602230483
0 0.08416666666666667 0.6431226765799256 0.085 0.11152416356877323
0 0.12833333333333335 0.7286245353159851 0.08 0.11895910780669144
0 0.1975 0.8104089219330854 0.095 0.08178438661710037
0 0.30833333333333335 0.8252788104089219 0.10666666666666667 0.08921933085501858
0 0.43000000000000005 0.8550185873605948 0.11333333333333334 0.05204460966542751
0 0.21916666666666668 0.6933085501858736 0.08166666666666667 0.12267657992565055
0 0.18000000000000002 0.587360594795539 0.1 0.10408921933085502
0 0.24000000000000002 0.4386617100371747 0.08 0.08921933085501858
0 0.3358333333333334 0.3048327137546468 0.08166666666666667 0.11895910780669144
0 0.42083333333333334 0.25650557620817843 0.085 0.11895910780669144
0 0.5166666666666667 0.23977695167286245 0.1 0.06319702602230483
0 0.5108333333333334 0.3643122676579926 0.07166666666666667 0.14126394052044608
0 0.4266666666666667 0.38104089219330856 0.08 0.1003717472118959
0 0.3325 0.4144981412639405 0.095 0.08550185873605948
0 0.3141666666666667 0.6003717472118959 0.135 0.055762081784386616
0 0.3875 0.7695167286245352 0.125 0.07434944237918215
0 0.32583333333333336 0.7100371747211895 0.115 0.13382899628252787
0 0.4033333333333334 0.5092936802973977 0.09333333333333334 0.11895910780669144
0 0.4416666666666667 0.6394052044609665 0.07333333333333333 0.15613382899628253
0 0.5141666666666667 0.6245353159851301 0.04833333333333334 0.1486988847583643
0 0.5858333333333333 0.6524163568773234 0.065 0.1449814126394052
0 0.6566666666666667 0.8438661710037174 0.11666666666666667 0.07434944237918215
0 0.7633333333333334 0.8141263940520446 0.08 0.0966542750929368
0 0.8441666666666667 0.758364312267658 0.07833333333333334 0.15613382899628253
0 0.6891666666666667 0.620817843866171 0.10166666666666667 0.11152416356877323
0 0.6158333333333333 0.5223048327137546 0.11166666666666668 0.09293680297397769
0 0.6358333333333334 0.43308550185873607 0.10166666666666667 0.1003717472118959
0 0.7175 0.5018587360594795 0.07500000000000001 0.10408921933085502
0 0.8525 0.6022304832713754 0.07166666666666667 0.11895910780669144
0 0.9208333333333334 0.6635687732342007 0.07833333333333334 0.13011152416356878
0 0.7791666666666667 0.6784386617100372 0.07166666666666667 0.137546468401487
0 0.6991666666666667 0.7304832713754646 0.07833333333333334 0.12267657992565055
0 0.5008333333333334 0.7602230483271375 0.095 0.08550185873605948
0 0.6591666666666667 0.32899628252788105 0.09166666666666667 0.11524163568773234
0 0.5058333333333334 0.4944237918215613 0.09833333333333334 0.08178438661710037
0 0.9291666666666667 0.37174721189591076 0.07166666666666667 0.11895910780669144
0 0.9358333333333334 0.5074349442379182 0.10166666666666667 0.12267657992565055
0 0.8491666666666667 0.4386617100371747 0.07500000000000001 0.15613382899628253
0 0.7333333333333334 0.3661710037174721 0.07 0.1449814126394052
0 0.8091666666666667 0.30297397769516726 0.07500000000000001 0.10780669144981413
0 0.7025 0.23234200743494424 0.095 0.07063197026022304
0 0.29250000000000004 0.516728624535316 0.11166666666666668 0.07434944237918215
0 0.7833333333333334 0.4851301115241635 0.05 0.1821561338289963
0 0.9033333333333334 0.27137546468401486 0.10666666666666667 0.11152416356877323
0 0.16583333333333333 0.2211895910780669 0.11833333333333335 0.0483271375464684
0 0.5958333333333333 0.32899628252788105 0.07500000000000001 0.137546468401487
0 0.06916666666666667 0.41263940520446096 0.04833333333333334 0.13382899628252787