0 0.4842105263157895 0.533500837520938 0.016842105263157894 0.021775544388609715
0 0.15526315789473683 0.6541038525963149 0.09789473684210526 0.031825795644891124
0 0.5989473684210527 0.5628140703517588 0.18526315789473685 0.12060301507537688
0 0.6642105263157895 0.4154103852596315 0.21052631578947367 0.11725293132328309
0 0.18842105263157893 0.5628140703517588 0.07368421052631578 0.07705192629815745
0 0.3394736842105263 0.32830820770519265 0.06210526315789473 0.03685092127303183
0 0.3405263157894737 0.297319932998325 0.053684210526315786 0.031825795644891124
0 0.8647368421052631 0.29564489112227804 0.05578947368421053 0.02847571189279732
0 0.8642105263157894 0.26716917922948075 0.04842105263157895 0.02847571189279732
0 0.43157894736842106 0.2068676716917923 0.01263157894736842 0.018425460636515914
0 0.6273684210526316 0.21273031825795646 0.014736842105263158 0.01340033500837521
0 0.3763157894736842 0.25711892797319935 0.013684210526315788 0.018425460636515914
0 0.31526315789473686 0.4020100502512563 0.011578947368421053 0.02345058626465662
0 0.8968421052631579 0.2319932998324958 0.01263157894736842 0.01172529313232831
0 0.8378947368421052 0.23283082077051925 0.014736842105263158 0.01675041876046901
0 0.1957894736842105 0.5033500837520938 0.04421052631578947 0.02512562814070352
0 0.30684210526315786 0.2520938023450586 0.015789473684210527 0.01507537688442211