0 0.5425 0.4688279301745636 0.025 0.0199501246882793
0 0.519375 0.185785536159601 0.02125 0.02743142144638404
0 0.021875000000000002 0.4476309226932668 0.02125 0.022443890274314215
0 0.048125 0.44887780548628425 0.02125 0.02493765586034913
0 0.0175 0.11596009975062344 0.025 0.02743142144638404
0 0.046875 0.12094763092269327 0.02125 0.032418952618453865
0 0.18625 0.1596009975062344 0.0175 0.02493765586034913
0 0.02875 0.786783042394015 0.025 0.022443890274314215
0 0.085625 0.7693266832917706 0.02375 0.022443890274314215
0 0.10875 0.7643391521197007 0.02 0.022443890274314215
0 0.15625 0.7506234413965087 0.0175 0.0199501246882793
0 0.22125 0.7319201995012469 0.0175 0.022443890274314215
0 0.0975 0.13466334164588528 0.02 0.029925187032418952