0 0.2209188660801564 0.6553819444444444 0.17008797653958943 0.15104166666666666
0 0.1798631476050831 0.8289930555555555 0.056695992179863146 0.046875
0 0.552297165200391 0.9331597222222222 0.10948191593352884 0.09895833333333333
0 0.47947214076246336 0.7152777777777778 0.11241446725317693 0.05555555555555555
0 0.8010752688172043 0.6640625 0.08504398826979472 0.1440972222222222
0 0.6383186705767351 0.6666666666666666 0.08602150537634409 0.06944444444444445
0 0.6529814271749755 0.7760416666666666 0.11534701857282502 0.08333333333333333
0 0.3304007820136852 0.1675347222222222 0.1348973607038123 0.109375
0 0.1681329423264907 0.3177083333333333 0.11925708699902249 0.1736111111111111
0 0.6495601173020528 0.15625 0.14565004887585534 0.07638888888888888
0 0.4833822091886608 0.3203125 0.17497556207233628 0.06770833333333333