0 0.53173828125 0.25146484375 0.0498046875 0.0712890625
0 0.3662109375 0.26025390625 0.03515625 0.0673828125
0 0.5224609375 0.61328125 0.095703125 0.033203125
0 0.36669921875 0.61572265625 0.0673828125 0.0361328125
0 0.3486328125 0.4765625 0.0234375 0.03125
0 0.36865234375 0.47119140625 0.0166015625 0.0341796875
0 0.52587890625 0.35205078125 0.0244140625 0.0322265625
0 0.5546875 0.35888671875 0.021484375 0.0341796875
0 0.5263671875 0.4658203125 0.025390625 0.029296875
0 0.552734375 0.47314453125 0.021484375 0.0302734375
0 0.70556640625 0.4072265625 0.0185546875 0.029296875
0 0.72705078125 0.4140625 0.0146484375 0.025390625
0 0.70556640625 0.5068359375 0.0205078125 0.029296875
0 0.724609375 0.5126953125 0.017578125 0.02734375
0 0.8662109375 0.458984375 0.013671875 0.025390625
0 0.880859375 0.46435546875 0.015625 0.0263671875
0 0.8818359375 0.55126953125 0.013671875 0.0224609375
0 0.86669921875 0.5458984375 0.0146484375 0.0234375
0 0.86083984375 0.6044921875 0.0146484375 0.01953125
0 0.8818359375 0.60791015625 0.015625 0.0205078125
0 0.7333984375 0.7158203125 0.03125 0.013671875
0 0.7138671875 0.71826171875 0.009765625 0.0166015625
0 0.0859375 0.66845703125 0.033203125 0.0205078125
0 0.36474609375 0.72998046875 0.0419921875 0.0146484375