0 0.39083333333333337 0.6068249258160238 0.125 0.2522255192878338
0 0.2625 0.612759643916914 0.11833333333333335 0.2522255192878338
0 0.13 0.6216617210682492 0.10333333333333335 0.20474777448071219
0 0.5283333333333333 0.5578635014836796 0.13 0.08902077151335312
0 0.68 0.5623145400593472 0.11333333333333334 0.0741839762611276
0 0.7858333333333334 0.5044510385756676 0.09833333333333334 0.0771513353115727
0 0.9341666666666667 0.45252225519287836 0.12166666666666667 0.09198813056379822
0 0.9325000000000001 0.5326409495548962 0.095 0.06231454005934718
0 0.6941666666666667 0.6305637982195846 0.07166666666666667 0.0741839762611276
0 0.53 0.6335311572700297 0.09000000000000001 0.06824925816023739
0 0.7808333333333334 0.5801186943620178 0.04166666666666667 0.06231454005934718
0 0.35000000000000003 0.4035608308605341 0.07333333333333333 0.05934718100890208
0 0.22916666666666669 0.40949554896142437 0.07833333333333334 0.05934718100890208
0 0.10166666666666667 0.40801186943620177 0.08333333333333334 0.05637982195845698