0 0.19140625 0.25615212527964204 0.1015625 0.05592841163310962
0 0.35703125 0.16554809843400448 0.1265625 0.06711409395973154
0 0.45 0.47874720357941836 0.028125 0.11185682326621924
0 0.58125 0.11185682326621924 0.07187500000000001 0.040268456375838924
0 0.76484375 0.2774049217002237 0.1015625 0.058165548098434
0 0.503125 0.7841163310961968 0.028125 0.11409395973154363
0 0.55 0.6308724832214765 0.043750000000000004 0.049217002237136466
0 0.5953125 0.6756152125279642 0.03125 0.058165548098434
0 0.6859375000000001 0.6912751677852349 0.03125 0.116331096196868
0 0.7828125 0.6129753914988815 0.037500000000000006 0.058165548098434
0 0.40390625 0.5313199105145414 0.0140625 0.10067114093959731
0 0.42812500000000003 0.3053691275167785 0.034375 0.029082774049217
0 0.146875 0.20134228187919462 0.06875 0.013422818791946308