0 0.3225 0.105 0.035 0.055
0 0.22 0.10875 0.03666666666666667 0.0525
0 0.11833333333333335 0.11375 0.03666666666666667 0.0525
0 0.0175 0.11625 0.035 0.0575
0 0.43000000000000005 0.10125 0.04 0.0525
0 0.5358333333333334 0.1 0.03833333333333334 0.05
0 0.6466666666666667 0.0975 0.04 0.055
0 0.7566666666666667 0.09625 0.04 0.0575
0 0.8691666666666668 0.09375 0.04166666666666667 0.0575
0 0.9800000000000001 0.09 0.03666666666666667 0.055
0 0.9275000000000001 0.26875 0.03833333333333334 0.0575
0 0.7033333333333334 0.27125 0.04 0.0525
0 0.5933333333333334 0.27375 0.03666666666666667 0.0525
0 0.27 0.28125 0.03666666666666667 0.0525
0 0.06583333333333334 0.28500000000000003 0.035 0.055
0 0.16583333333333333 0.28250000000000003 0.03166666666666667 0.05
0 0.015000000000000001 0.44625000000000004 0.030000000000000002 0.0425
0 0.42833333333333334 0.44625000000000004 0.03666666666666667 0.0475
0 0.4783333333333334 0.275 0.02666666666666667 0.055
0 0.9825 0.4425 0.03166666666666667 0.04
0 0.2675 0.6225 0.035 0.04
0 0.15583333333333335 0.62625 0.018333333333333333 0.0475