0 0.22 0.5786516853932584 0.02 0.026217228464419477
0 0.555 0.5955056179775281 0.035 0.0599250936329588
0 0.44125000000000003 0.25280898876404495 0.0775 0.1310861423220974
0 0.6925 0.33146067415730335 0.05 0.11610486891385768
0 0.57125 0.29775280898876405 0.1775 0.08614232209737828
0 0.8150000000000001 0.3651685393258427 0.04 0.07865168539325842
0 0.20500000000000002 0.5393258426966292 0.025 0.03745318352059925
0 0.22625 0.5374531835205992 0.0225 0.033707865168539325
0 0.25 0.5411985018726592 0.025 0.04119850187265918
0 0.365 0.548689138576779 0.025 0.033707865168539325
0 0.3825 0.548689138576779 0.02 0.033707865168539325
0 0.42 0.552434456928839 0.02 0.033707865168539325
0 0.43875000000000003 0.550561797752809 0.0225 0.0299625468164794
0 0.48875 0.5561797752808989 0.0175 0.026217228464419477
0 0.51875 0.5617977528089888 0.0175 0.0299625468164794