0 0.08761528326745718 0.1255924170616114 0.10408432147562582 0.05687203791469195
0 0.08959156785243742 0.34004739336492895 0.10276679841897234 0.04976303317535545
0 0.09025032938076416 0.5545023696682465 0.10408432147562582 0.047393364928909956
0 0.0922266139657444 0.7701421800947867 0.10540184453227933 0.047393364928909956
0 0.09420289855072464 0.9786729857819906 0.10408432147562582 0.037914691943127965
0 0.44005270092226617 0.1575829383886256 0.09749670619235837 0.05924170616113744
0 0.44005270092226617 0.3684834123222749 0.09486166007905139 0.04502369668246446
0 0.4466403162055336 0.5746445497630333 0.08695652173913043 0.04976303317535545
0 0.4426877470355731 0.9786729857819906 0.0922266139657444 0.037914691943127965
0 0.5039525691699605 0.37203791469194314 0.030303030303030304 0.047393364928909956
0 0.5039525691699605 0.15876777251184834 0.03293807641633729 0.05687203791469195
0 0.5059288537549407 0.9774881516587679 0.034255599472990776 0.04028436018957346
0 0.1627140974967062 0.7689573459715641 0.03557312252964427 0.05924170616113744
0 0.15876152832674573 0.3412322274881517 0.03293807641633729 0.05213270142180095
0 0.15810276679841898 0.12677725118483413 0.034255599472990776 0.05924170616113744
0 0.16534914361001318 0.9727488151658769 0.03557312252964427 0.04976303317535545
0 0.15612648221343875 0.556872037914692 0.030303030303030304 0.05213270142180095
0 0.7648221343873518 0.18838862559241706 0.09090909090909091 0.05450236966824645
0 0.9189723320158103 0.2061611374407583 0.08300395256916997 0.047393364928909956
0 0.9163372859025033 0.4040284360189574 0.08827404479578393 0.05450236966824645
0 0.9176548089591569 0.5983412322274883 0.08300395256916997 0.04502369668246446
0 0.9163372859025033 0.7962085308056872 0.08827404479578393 0.04265402843601896
0 0.9143610013175231 0.981042654028436 0.08432147562582346 0.028436018957345974
0 0.974308300395257 0.7926540284360191 0.02766798418972332 0.04976303317535545
0 0.9749670619235837 0.6018957345971564 0.028985507246376812 0.05213270142180095
0 0.974308300395257 0.40165876777251186 0.030303030303030304 0.05450236966824645
0 0.976943346508564 0.2061611374407583 0.02503293807641634 0.047393364928909956
0 0.976943346508564 0.018957345971563982 0.030303030303030304 0.037914691943127965
0 0.8254281949934125 0.19312796208530808 0.030303030303030304 0.04976303317535545
0 0.8227931488801055 0.3945497630331754 0.02766798418972332 0.04976303317535545