0 0.240625 0.36357947434292864 0.07187500000000001 0.11389236545682103
0 0.40078125000000003 0.10137672090112641 0.08125 0.07509386733416772
0 0.23125 0.10075093867334169 0.07500000000000001 0.07884856070087609
0 0.55625 0.07634543178973717 0.045312500000000006 0.1376720901126408
0 0.39140625 0.3448060075093867 0.06406250000000001 0.11889862327909888
0 0.575390625 0.37984981226533165 0.08046875 0.07384230287859825
0 0.7390625000000001 0.33854818523153946 0.07500000000000001 0.09887359198998749
0 0.584375 0.6608260325406758 0.0859375 0.06508135168961202
0 0.41328125000000004 0.613892365456821 0.07500000000000001 0.09637046307884857
0 0.246875 0.6376720901126408 0.0703125 0.09386733416770963
0 0.7671875 0.6276595744680851 0.0625 0.1214017521902378
0 0.25234375000000003 0.8798498122653317 0.06875 0.09762202753441802
0 0.4109375 0.9155193992490613 0.0765625 0.08886107634543179
0 0.575390625 0.9011264080100125 0.06484375 0.10763454317897372
0 0.739453125 0.9042553191489362 0.05078125 0.11889862327909888
0 0.860546875 0.6520650813516896 0.11171875 0.09261576971214018
0 0.13125 0.7196495619524406 0.2625 0.2503128911138924