0 0.38772727272727275 0.13631284916201117 0.10818181818181818 0.042458100558659215
0 0.6740909090909091 0.1748603351955307 0.10636363636363637 0.03910614525139664
0 0.8531818181818182 0.4508379888268156 0.08454545454545455 0.03240223463687151
0 0.7936363636363636 0.7156424581005586 0.13454545454545455 0.05251396648044692
0 0.495 0.4921787709497206 0.2190909090909091 0.08156424581005586
0 0.48863636363636365 0.8106145251396647 0.11545454545454545 0.04581005586592178
0 0.15772727272727272 0.6849162011173183 0.1318181818181818 0.05139664804469273
0 0.14681818181818182 0.4083798882681564 0.12636363636363637 0.048044692737430165
0 0.3236363636363636 0.11787709497206703 0.023636363636363636 0.027932960893854747
0 0.6063636363636363 0.15642458100558657 0.02181818181818182 0.03128491620111731
0 0.8231818181818181 0.42122905027932955 0.017272727272727273 0.02011173184357542
0 0.8427272727272728 0.4016759776536313 0.06727272727272728 0.014525139664804468
0 0.7109090909090909 0.7039106145251396 0.02727272727272727 0.03128491620111731
0 0.4172727272727273 0.8016759776536312 0.02181818181818182 0.030167597765363124
0 0.07590909090909091 0.6726256983240223 0.03 0.03128491620111731
0 0.07136363636363637 0.3877094972067039 0.026363636363636363 0.029050279329608936
0 0.20227272727272727 0.6067039106145251 0.12636363636363637 0.024581005586592177
0 0.27954545454545454 0.6910614525139664 0.04454545454545455 0.08156424581005586
0 0.6559090909090909 0.4793296089385474 0.026363636363636363 0.035754189944134075
0 0.3936363636363636 0.06201117318435754 0.10727272727272727 0.021229050279329607
0 0.6804545454545454 0.09664804469273743 0.11545454545454545 0.02346368715083799
0 0.5 0.40391061452513966 0.19272727272727272 0.030167597765363124
0 0.36727272727272725 0.45418994413407815 0.04 0.054748603351955305
0 0.12318181818181818 0.5972067039106145 0.028181818181818183 0.01005586592178771