0 0.6709809264305177 0.10400390625 0.08038147138964577 0.0244140625
0 0.7384196185286104 0.10888671875 0.043596730245231606 0.0185546875
0 0.7486376021798364 0.892578125 0.03405994550408719 0.029296875
0 0.16553133514986376 0.80224609375 0.08038147138964577 0.0185546875
0 0.2329700272479564 0.80078125 0.043596730245231606 0.017578125
0 0.4993188010899182 0.79296875 0.0667574931880109 0.0234375
0 0.26430517711171664 0.84619140625 0.07629427792915532 0.0146484375
0 0.1587193460490463 0.8466796875 0.08583106267029972 0.01953125
0 0.529291553133515 0.83935546875 0.12397820163487738 0.0185546875
0 0.358991825613079 0.798828125 0.07220708446866485 0.0390625
0 0.42029972752043593 0.47265625 0.025885558583106268 0.0078125
0 0.3964577656675749 0.3154296875 0.010899182561307902 0.017578125
0 0.4019073569482289 0.283203125 0.010899182561307902 0.017578125
0 0.3971389645776567 0.30224609375 0.009536784741144414 0.0087890625
0 0.40326975476839233 0.2705078125 0.010899182561307902 0.009765625
0 0.7336512261580381 0.330078125 0.09673024523160763 0.02734375