0 0.24757834757834757 0.41196581196581195 0.058689458689458684 0.05128205128205128
0 0.7572649572649572 0.2833333333333333 0.07293447293447293 0.05042735042735043
0 0.5678062678062678 0.11153846153846154 0.12022792022792023 0.10854700854700855
0 0.5658119658119658 0.23333333333333334 0.12079772079772079 0.09572649572649572
0 0.5672364672364671 0.3572649572649573 0.12136752136752137 0.10085470085470086
0 0.5641025641025641 0.47649572649572647 0.11509971509971509 0.08803418803418804
0 0.5646723646723646 0.6017094017094017 0.11396011396011395 0.09230769230769231
0 0.5675213675213675 0.7243589743589743 0.11282051282051281 0.09487179487179487
0 0.564957264957265 0.8474358974358974 0.11452991452991453 0.10512820512820513
0 0.6849002849002849 0.11025641025641025 0.09572649572649572 0.09401709401709402
0 0.6715099715099715 0.7141025641025641 0.08831908831908832 0.0829059829059829
0 0.6601139601139601 0.8508547008547008 0.06894586894586895 0.09487179487179487
0 0.9467236467236466 0.10555555555555556 0.1054131054131054 0.07948717948717948
0 0.9467236467236466 0.22264957264957264 0.1054131054131054 0.08632478632478632
0 0.9447293447293447 0.35128205128205126 0.1094017094017094 0.0905982905982906
0 0.9401709401709402 0.4846153846153846 0.11851851851851851 0.0905982905982906
0 0.9424501424501424 0.5995726495726496 0.11396011396011395 0.09316239316239316
0 0.9413105413105413 0.7247863247863248 0.11509971509971509 0.07692307692307693
0 0.9396011396011396 0.852991452991453 0.11851851851851851 0.08888888888888889
0 0.8264957264957264 0.8478632478632478 0.0997150997150997 0.08376068376068375
0 0.8381766381766381 0.11282051282051282 0.09686609686609686 0.0905982905982906
0 0.3709401709401709 0.1752136752136752 0.15726495726495726 0.12991452991452992
0 0.11538461538461538 0.152991452991453 0.13846153846153844 0.11452991452991453