0 0.40638766519823794 0.6299559471365639 0.3325991189427313 0.1629955947136564
0 0.07378854625550661 0.6222466960352423 0.09030837004405287 0.10792951541850221
0 0.8469162995594715 0.6662995594713657 0.22246696035242292 0.08590308370044053
0 0.8469162995594715 0.13986784140969163 0.10792951541850221 0.07268722466960353
0 0.20154185022026433 0.39647577092511016 0.04185022026431719 0.030837004405286347
0 0.2599118942731278 0.3755506607929516 0.039647577092511016 0.015418502202643174
0 0.1563876651982379 0.38876651982378857 0.039647577092511016 0.015418502202643174
0 0.10022026431718063 0.36453744493392076 0.02863436123348018 0.015418502202643174
0 0.20264317180616742 0.3491189427312776 0.030837004405286347 0.011013215859030838
0 0.29295154185022027 0.3381057268722467 0.026431718061674013 0.011013215859030838
0 0.3557268722466961 0.3623348017621146 0.02863436123348018 0.015418502202643174
0 0.4504405286343613 0.3491189427312776 0.03303964757709251 0.011013215859030838
0 0.2984581497797357 0.38546255506607935 0.03744493392070485 0.022026431718061675
0 0.39317180616740094 0.3733480176211454 0.03303964757709251 0.024229074889867842