0 0.7781030444964872 0.45742187500000003 0.06440281030444965 0.04453125
0 0.6978922716627635 0.455859375 0.06557377049180328 0.04609375
0 0.8413348946135831 0.6527343750000001 0.026932084309133488 0.022656250000000003
0 0.4531615925058548 0.6390625000000001 0.0351288056206089 0.0234375
0 0.45433255269320844 0.667578125 0.03278688524590164 0.02109375
0 0.8413348946135831 0.63046875 0.02927400468384075 0.021875000000000002
0 0.12646370023419204 0.70703125 0.03981264637002342 0.026562500000000003
0 0.1252927400468384 0.7406250000000001 0.04449648711943794 0.026562500000000003
0 0.29859484777517564 0.70078125 0.02107728337236534 0.015625
0 0.27576112412177983 0.70078125 0.02224824355971897 0.0140625
0 0.525175644028103 0.63984375 0.03395784543325527 0.021875000000000002
0 0.5491803278688525 0.7152343750000001 0.06323185011709602 0.04296875
0 0.4718969555035129 0.7156250000000001 0.0702576112412178 0.0390625