0 0.13753858024691357 0.36371527777777773 0.16898148148148148 0.05671296296296296
0 0.19540895061728394 0.7855902777777777 0.1720679012345679 0.07407407407407407
0 0.6610725308641975 0.3706597222222222 0.11882716049382716 0.0474537037037037
0 0.8616898148148148 0.37297453703703703 0.10185185185185185 0.03819444444444444
0 0.30420524691358025 0.5679976851851851 0.1412037037037037 0.06018518518518518
0 0.7208719135802468 0.7173032407407407 0.11188271604938271 0.06712962962962962
0 0.7837577160493827 0.36255787037037035 0.05246913580246913 0.0798611111111111
0 0.18306327160493827 0.5651041666666666 0.08256172839506172 0.10995370370370369
0 0.04918981481481481 0.7936921296296295 0.08796296296296297 0.11805555555555555
0 0.31230709876543206 0.35734953703703703 0.06790123456790123 0.10185185185185185
0 0.7054398148148148 0.5442708333333333 0.054783950617283944 0.06597222222222222
0 0.5688657407407407 0.3567708333333333 0.05324074074074074 0.08912037037037036