0 0.6410526315789473 0.5865800865800865 0.16210526315789472 0.11976911976911978
0 0.8878947368421053 0.42784992784992787 0.03894736842105263 0.030303030303030304
0 0.893157894736842 0.468975468975469 0.03894736842105263 0.0404040404040404
0 0.6778947368421052 0.44805194805194803 0.17473684210526316 0.08513708513708514
0 0.14684210526315788 0.7503607503607503 0.08736842105263158 0.06060606060606061
0 0.22526315789473683 0.6298701298701299 0.09263157894736843 0.08513708513708514
0 0.13 0.5331890331890332 0.02 0.05627705627705628
0 0.10736842105263157 0.411976911976912 0.029473684210526315 0.027417027417027416
0 0.10894736842105263 0.43434343434343436 0.03684210526315789 0.023088023088023088
0 0.5531578947368421 0.5764790764790765 0.015789473684210527 0.01875901875901876
0 0.2326315789473684 0.373015873015873 0.03789473684210526 0.01875901875901876
0 0.28736842105263155 0.37012987012987014 0.035789473684210524 0.021645021645021644
0 0.3268421052631579 0.3665223665223665 0.03263157894736842 0.0202020202020202
0 0.3831578947368421 0.3578643578643579 0.04842105263157895 0.02886002886002886
0 0.451578947368421 0.35353535353535354 0.05263157894736842 0.02886002886002886
0 0.5294736842105263 0.3499278499278499 0.061052631578947365 0.030303030303030304
0 0.6173684210526316 0.34704184704184704 0.0663157894736842 0.030303030303030304
0 0.7142105263157894 0.3412698412698413 0.07473684210526316 0.03318903318903319
0 0.828421052631579 0.3354978354978355 0.08842105263157894 0.03607503607503607
0 0.9594736842105263 0.3297258297258297 0.07894736842105263 0.04184704184704185