0 0.14545454545454545 0.4773936170212766 0.1625668449197861 0.3058510638297872
0 0.8497326203208556 0.4800531914893617 0.13796791443850268 0.300531914893617
0 0.504812834224599 0.6582446808510638 0.044919786096256686 0.07712765957446809
0 0.553475935828877 0.7712765957446809 0.024598930481283424 0.06914893617021277
0 0.42406417112299466 0.6914893617021276 0.022459893048128343 0.0425531914893617
0 0.3513368983957219 0.6276595744680851 0.016042780748663103 0.03723404255319149
0 0.5775401069518716 0.7473404255319148 0.019251336898395723 0.047872340425531915
0 0.6016042780748663 0.7300531914893617 0.022459893048128343 0.061170212765957445
0 0.6438502673796792 0.6795212765957447 0.014973262032085561 0.05053191489361702
0 0.379144385026738 0.5797872340425532 0.03529411764705882 0.0425531914893617
0 0.3304812834224599 0.5412234042553191 0.029946524064171122 0.045212765957446804
0 0.3748663101604278 0.6582446808510638 0.022459893048128343 0.034574468085106384
0 0.44064171122994655 0.6289893617021276 0.04278074866310161 0.08244680851063829