0 0.7536764705882353 0.2297794117647059 0.04534313725490196 0.04534313725490196
0 0.9057904411764706 0.29248366013071897 0.08486519607843138 0.04820261437908497
0 0.7985600490196079 0.3125 0.06832107843137254 0.03431372549019608
0 0.7564338235294118 0.5179738562091504 0.04534313725490196 0.035130718954248366
0 0.7604166666666666 0.8024918300653595 0.04595588235294117 0.039624183006535946
0 0.8854166666666666 0.9352532679738562 0.0661764705882353 0.07720588235294118
0 0.5716911764705882 0.3611111111111111 0.05024509803921569 0.026143790849673203
0 0.5765931372549019 0.5951797385620915 0.04595588235294117 0.03349673202614379
0 0.5768995098039216 0.8075980392156863 0.03982843137254902 0.04084967320261438
0 0.6600796568627451 0.8517156862745098 0.057291666666666664 0.04738562091503268
0 0.5301776960784313 0.5118464052287582 0.02420343137254902 0.02696078431372549
0 0.5329350490196079 0.7179330065359477 0.02420343137254902 0.030637254901960786
0 0.5413602941176471 0.9291258169934641 0.024509803921568627 0.037173202614379085
0 0.40870098039215685 0.34946895424836605 0.015318627450980392 0.024101307189542485
0 0.4071691176470588 0.516748366013072 0.016544117647058824 0.021241830065359478
0 0.41299019607843135 0.6795343137254902 0.01715686274509804 0.024101307189542485
0 0.41390931372549017 0.846609477124183 0.017769607843137254 0.027369281045751634
0 0.47901348039215685 0.3858251633986928 0.027879901960784312 0.024101307189542485
0 0.4880514705882353 0.5743464052287582 0.02267156862745098 0.02696078431372549
0 0.4912683823529412 0.7555147058823529 0.020526960784313725 0.026552287581699346
0 0.4928002450980392 0.9470996732026145 0.01991421568627451 0.027369281045751634
0 0.2823223039215686 0.369281045751634 0.02542892156862745 0.01797385620915033
0 0.6683517156862745 0.24223856209150327 0.029105392156862746 0.04656862745098039
0 0.6776960784313726 0.5081699346405228 0.03125 0.03594771241830066
0 0.6781556372549019 0.7743055555555556 0.029105392156862746 0.03145424836601307
0 0.5660232843137255 0.43300653594771243 0.05545343137254902 0.04330065359477124
0 0.5986519607843137 0.20465686274509803 0.03615196078431372 0.0661764705882353
0 0.5807291666666666 0.6725898692810458 0.04442401960784314 0.039624183006535946
0 0.6513480392156863 0.6858660130718954 0.04779411764705882 0.04820261437908497
0 0.5821078431372549 0.8882761437908497 0.04595588235294117 0.037173202614379085
0 0.27971813725490197 0.4366830065359477 0.02022058823529412 0.021241830065359478
0 0.28431372549019607 0.47671568627450983 0.018995098039215685 0.018790849673202614
0 0.289828431372549 0.576593137254902 0.01838235294117647 0.017565359477124183
0 0.2803308823529412 0.5337009803921569 0.016544117647058824 0.016748366013071895
0 0.2614889705882353 0.823733660130719 0.013786764705882353 0.013480392156862746
0 0.23943014705882354 0.8033088235294118 0.011948529411764705 0.015931372549019607
0 0.2552083333333333 0.7220179738562091 0.012254901960784314 0.015931372549019607
0 0.2544424019607843 0.5308415032679739 0.012561274509803922 0.013480392156862746
0 0.2659313725490196 0.917483660130719 0.011029411764705881 0.014705882352941176
0 0.2657781862745098 0.7218137254901961 0.013174019607843137 0.014705882352941176
0 0.24034926470588236 0.7097630718954249 0.01133578431372549 0.011029411764705883
0 0.3020833333333333 0.528390522875817 0.012867647058823529 0.01511437908496732