0 0.33425 0.47800000000000004 0.0445 0.033
0 0.6960000000000001 0.46075 0.047 0.0315
0 0.35575 0.5972500000000001 0.043500000000000004 0.0455
0 0.4815 0.5895 0.042 0.042
0 0.603 0.582 0.043000000000000003 0.043000000000000003
0 0.7242500000000001 0.5755 0.0405 0.043000000000000003
0 0.3595 0.729 0.041 0.047
0 0.48875 0.7195 0.0405 0.045
0 0.6072500000000001 0.709 0.0405 0.042
0 0.7282500000000001 0.7015 0.0375 0.042
0 0.7055 0.79 0.038 0.019
0 0.57425 0.46725 0.035500000000000004 0.0315
0 0.22725 0.59775 0.0175 0.0485
0 0.22825 0.7232500000000001 0.021500000000000002 0.0465
0 0.19575 0.56725 0.0135 0.043500000000000004