0 0.646875 0.581640625 0.03333333333333333 0.03671875
0 0.6828125 0.587890625 0.03229166666666666 0.03359375
0 0.7151041666666667 0.7093750000000001 0.015625 0.0140625
0 0.7140625 0.724609375 0.017708333333333333 0.013281250000000001
0 0.303125 0.7781250000000001 0.03125 0.0234375
0 0.303125 0.7484375000000001 0.03125 0.026562500000000003
0 0.5302083333333333 0.7621093750000001 0.035416666666666666 0.03515625
0 0.4 0.7453125 0.014583333333333334 0.010937500000000001
0 0.4166666666666667 0.74609375 0.016666666666666666 0.0125
0 0.51875 0.702734375 0.020833333333333332 0.01953125
0 0.5614583333333333 0.7054687500000001 0.020833333333333332 0.0203125
0 0.5609375 0.726171875 0.021875 0.017968750000000002
0 0.5192708333333333 0.72421875 0.026041666666666668 0.018750000000000003