0 0.529 0.48075 0.051000000000000004 0.0105
0 0.42175 0.56725 0.0375 0.043500000000000004
0 0.31075 0.56975 0.0375 0.0405
0 0.3135 0.69275 0.037 0.0425
0 0.4255 0.6930000000000001 0.037 0.043000000000000003
0 0.5355 0.68725 0.033 0.0415
0 0.5295 0.5635 0.035 0.04
0 0.635 0.5575 0.035 0.04
0 0.71175 0.54975 0.0225 0.0395
0 0.63875 0.67975 0.0315 0.0395
0 0.723 0.66925 0.022 0.0415
0 0.53075 0.80175 0.0375 0.0275
0 0.6375000000000001 0.79525 0.038 0.0285
0 0.7292500000000001 0.786 0.025500000000000002 0.033
0 0.424 0.809 0.035 0.029
0 0.3165 0.81125 0.032 0.0375