0 0.0789877300613497 0.20426065162907267 0.026073619631901843 0.20300751879699247
0 0.24309815950920247 0.20175438596491227 0.026073619631901843 0.20300751879699247
0 0.4110429447852761 0.20426065162907267 0.024539877300613498 0.20802005012531327
0 0.5797546012269938 0.20426065162907267 0.02147239263803681 0.21303258145363407
0 0.7476993865030676 0.20426065162907267 0.023006134969325152 0.20300751879699247
0 0.9202453987730062 0.20300751879699247 0.024539877300613498 0.20551378446115287
0 0.07745398773006135 0.7807017543859649 0.10276073619631902 0.03759398496240601
0 0.2446319018404908 0.7844611528822054 0.10276073619631902 0.040100250626566414
0 0.4102760736196319 0.7819548872180451 0.1058282208588957 0.040100250626566414
0 0.5774539877300614 0.7819548872180451 0.1058282208588957 0.040100250626566414
0 0.7469325153374233 0.7832080200501252 0.10736196319018405 0.042606516290726815
0 0.9187116564417178 0.7807017543859649 0.10429447852760737 0.03759398496240601