0 0.8369140625 0.5535190615835777 0.017578125 0.045454545454545456
0 0.71728515625 0.5608504398826979 0.0986328125 0.024926686217008796
0 0.71240234375 0.40982404692082114 0.1630859375 0.04252199413489736
0 0.7734375 0.4479472140762463 0.154296875 0.06304985337243402
0 0.81787109375 0.5095307917888563 0.0400390625 0.036656891495601175
0 0.501953125 0.27419354838709675 0.08203125 0.020527859237536656
0 0.32568359375 0.4472140762463343 0.1103515625 0.12903225806451613
0 0.22509765625 0.39002932551319647 0.0810546875 0.04985337243401759
0 0.12841796875 0.41935483870967744 0.0341796875 0.04105571847507331
0 0.4990234375 0.46994134897360706 0.052734375 0.045454545454545456
0 0.0732421875 0.27419354838709675 0.02734375 0.02932551319648094
0 0.42919921875 0.4406158357771261 0.0595703125 0.039589442815249266
0 0.41455078125 0.5212609970674487 0.0419921875 0.036656891495601175