0 0.6228209191759113 0.66 0.28526148969889065 0.14
0 0.20364500792393028 0.6375000000000001 0.09984152139461173 0.17500000000000002
0 0.33518225039619653 0.4516666666666667 0.04595879556259905 0.013333333333333334
0 0.28922345483359746 0.38083333333333336 0.0427892234548336 0.015000000000000001
0 0.38114104595879555 0.35500000000000004 0.04595879556259905 0.013333333333333334
0 0.4793977812995246 0.3241666666666667 0.0427892234548336 0.015000000000000001
0 0.5689381933438986 0.29750000000000004 0.03803486529318542 0.011666666666666667
0 0.6568938193343898 0.27083333333333337 0.039619651347068144 0.011666666666666667
0 0.4342313787638669 0.41750000000000004 0.04120443740095087 0.015000000000000001
0 0.5309033280507132 0.3891666666666667 0.04120443740095087 0.011666666666666667
0 0.6228209191759113 0.35833333333333334 0.04120443740095087 0.013333333333333334
0 0.7115689381933439 0.32833333333333337 0.044374009508716325 0.013333333333333334
0 0.3827258320126783 0.5158333333333334 0.04595879556259905 0.015000000000000001
0 0.48177496038034867 0.4808333333333334 0.044374009508716325 0.015000000000000001
0 0.580824088748019 0.44833333333333336 0.0427892234548336 0.013333333333333334
0 0.6767036450079239 0.41833333333333333 0.04120443740095087 0.016666666666666666
0 0.768621236133122 0.3866666666666667 0.044374009508716325 0.013333333333333334