0 0.215625 0.6066666666666667 0.043750000000000004 0.06666666666666667
0 0.314375 0.06583333333333334 0.04625 0.065
0 0.56375 0.058333333333333334 0.0325 0.04
0 0.376875 0.0675 0.04125 0.058333333333333334
0 0.629375 0.06833333333333334 0.06375 0.03666666666666667
0 0.6925 0.06416666666666668 0.03 0.035
0 0.7475 0.058333333333333334 0.0225 0.03666666666666667
0 0.796875 0.05916666666666667 0.04125 0.045000000000000005
0 0.859375 0.05916666666666667 0.043750000000000004 0.05166666666666667
0 0.8612500000000001 0.09583333333333334 0.07 0.018333333333333333
0 0.9275 0.06833333333333334 0.0625 0.06666666666666667