0 0.12790697674418605 0.044673539518900345 0.19069767441860463 0.08934707903780069
0 0.12790697674418605 0.2611683848797251 0.1930232558139535 0.0859106529209622
0 0.12616279069767442 0.4802405498281787 0.14302325581395348 0.09106529209621993
0 0.10697674418604651 0.6984536082474226 0.11395348837209301 0.07388316151202749
0 0.10290697674418604 0.9218213058419243 0.10813953488372093 0.08075601374570447
0 0.46686046511627904 0.042096219931271474 0.19186046511627908 0.08419243986254295
0 0.8081395348837209 0.05154639175257732 0.19534883720930232 0.08247422680412371
0 0.8116279069767441 0.26288659793814434 0.19069767441860463 0.07903780068728522
0 0.8372093023255813 0.493127147766323 0.1372093023255814 0.08247422680412371
0 0.8511627906976744 0.7079037800687286 0.10697674418604651 0.08247422680412371
0 0.8563953488372092 0.9312714776632303 0.1058139534883721 0.08247422680412371
0 0.029069767441860465 0.14604810996563575 0.046511627906976744 0.07216494845360824
0 0.030232558139534883 0.3651202749140893 0.046511627906976744 0.06357388316151202
0 0.029651162790697676 0.5876288659793815 0.05 0.06872852233676977
0 0.029069767441860465 0.8101374570446735 0.044186046511627906 0.070446735395189
0 0.36627906976744184 0.14776632302405499 0.044186046511627906 0.06872852233676977
0 0.7075581395348837 0.15549828178694158 0.04534883720930233 0.06357388316151202