0 0.5841891891891892 0.4256445672191529 0.03486486486486486 0.047421731123388586
0 0.6275675675675676 0.44774401473296505 0.053513513513513515 0.07044198895027624
0 0.7328378378378378 0.2935082872928177 0.01918918918918919 0.1514732965009208
0 0.7340540540540541 0.3890423572744015 0.023243243243243245 0.03406998158379374
0 0.36121621621621625 0.4166666666666667 0.052702702702702706 0.06077348066298343
0 0.36743243243243245 0.45326887661141807 0.03 0.07044198895027624
0 0.6124324324324324 0.5547882136279927 0.05027027027027027 0.05432780847145488
0 0.35486486486486485 0.5520257826887661 0.04378378378378379 0.0432780847145488
0 0.1072972972972973 0.6993554327808472 0.008648648648648649 0.01289134438305709
0 0.0977027027027027 0.7058011049723757 0.017027027027027027 0.020257826887661142
0 0.8095945945945946 0.6629834254143646 0.024594594594594597 0.04604051565377532