0 0.21594982078853048 0.6094306049822064 0.17383512544802868 0.16192170818505336
0 0.21863799283154123 0.23665480427046262 0.15412186379928317 0.15302491103202845
0 0.7114695340501792 0.23042704626334518 0.13978494623655913 0.14768683274021352
0 0.7132616487455197 0.5702846975088968 0.1827956989247312 0.17615658362989323
0 0.2114695340501792 0.9119217081850534 0.16487455197132617 0.1690391459074733
0 0.7491039426523297 0.9074733096085409 0.17204301075268819 0.1708185053380783
0 0.07885304659498207 0.23131672597864766 0.035842293906810034 0.046263345195729534
0 0.33602150537634407 0.24021352313167257 0.044802867383512544 0.046263345195729534
0 0.4444444444444444 0.23131672597864766 0.02867383512544803 0.042704626334519574
0 0.3575268817204301 0.10854092526690391 0.04121863799283154 0.05338078291814946
0 0.22939068100358423 0.14501779359430605 0.03942652329749104 0.051601423487544484
0 0.5752688172043011 0.21530249110320285 0.03225806451612903 0.042704626334519574
0 0.8189964157706093 0.2286476868327402 0.043010752688172046 0.04448398576512455
0 0.9283154121863799 0.22330960854092524 0.02867383512544803 0.04092526690391459
0 0.6890681003584229 0.1307829181494662 0.044802867383512544 0.051601423487544484
0 0.8118279569892473 0.09697508896797152 0.04659498207885305 0.04804270462633452
0 0.7114695340501792 0.45284697508896793 0.08602150537634409 0.09430604982206406
0 0.782258064516129 0.7749110320284697 0.05555555555555555 0.06227758007117437
0 0.3718637992831541 0.9030249110320284 0.04838709677419355 0.05871886120996441
0 0.3763440860215054 0.5987544483985765 0.05017921146953405 0.055160142348754444
0 0.21505376344086022 0.49377224199288255 0.05734767025089606 0.06583629893238434