0 0.34235777930089106 0.4018264840182648 0.03769705277587389 0.04174820613176777
0 0.520904729266621 0.784409654272668 0.040438656614119266 0.016307893020221786
0 0.26627827278958194 0.5609915198956295 0.07402330363262509 0.091324200913242
0 0.30705962988348184 0.6320939334637965 0.07196710075394105 0.09523809523809523
0 0.2169294037011652 0.7994129158512719 0.029472241261137767 0.08936725375081539
0 0.3531528444139822 0.7243966079582518 0.07299520219328308 0.10110893672537508
0 0.21350239890335848 0.4840182648401826 0.01370801919122687 0.04435746901500326
0 0.35195339273474985 0.2775603392041748 0.022618231665524333 0.05414220482713633
0 0.3391021247429747 0.3199608610567515 0.01747772446881426 0.047619047619047616
0 0.39513365318711446 0.49217221135029354 0.034270047978067174 0.0319634703196347
0 0.3339616175462646 0.8082191780821917 0.03598355037697053 0.023483365949119372
0 0.22926662097326939 0.4207436399217221 0.018505825908156272 0.05870841487279843
0 0.44602467443454424 0.5652315720808871 0.019533927347498287 0.02674494455316373
0 0.5250171350239891 0.5231572080887149 0.01782042494859493 0.02609262883235486