0 0.45083333333333336 0.130625 0.12833333333333335 0.03125
0 0.5491666666666667 0.129375 0.065 0.02875
0 0.3141666666666667 0.289375 0.06833333333333334 0.01375
0 0.5758333333333334 0.314375 0.058333333333333334 0.02125
0 0.22583333333333336 0.88 0.021666666666666667 0.0125
0 0.5341666666666667 0.87375 0.018333333333333333 0.015
0 0.0825 0.9556250000000001 0.09833333333333334 0.02875
0 0.16583333333333333 0.9575 0.06166666666666667 0.0225
0 0.33 0.9656250000000001 0.05666666666666667 0.02375
0 0.39916666666666667 0.9675 0.058333333333333334 0.0125
0 0.5933333333333334 0.9375 0.03333333333333333 0.0125