0 0.4871638141809291 0.659919028340081 0.0745721271393643 0.05263157894736842
0 0.15036674816625917 0.6477732793522267 0.039119804400977995 0.02834008097165992
0 0.20048899755501223 0.638663967611336 0.03178484107579462 0.022267206477732795
0 0.24205378973105135 0.5931174089068826 0.034229828850855744 0.02834008097165992
0 0.2860635696821516 0.6437246963562753 0.04645476772616137 0.032388663967611336
0 0.3319070904645477 0.6497975708502024 0.035452322738386305 0.024291497975708502
0 0.38508557457212717 0.6649797570850202 0.05378973105134474 0.038461538461538464
0 0.4297066014669927 0.6417004048582996 0.023227383863080684 0.024291497975708502
0 0.5507334963325183 0.638663967611336 0.023227383863080684 0.018218623481781375
0 0.5922982885085575 0.6619433198380567 0.05012224938875306 0.03643724696356275
0 0.6528117359413202 0.652834008097166 0.039119804400977995 0.03036437246963563
0 0.6949877750611247 0.39473684210526316 0.028117359413202935 0.024291497975708502
0 0.6949877750611247 0.6396761133603239 0.028117359413202935 0.02834008097165992
0 0.7628361858190709 0.6508097165991903 0.03667481662591687 0.03036437246963563
0 0.726161369193154 0.6356275303643725 0.02689486552567237 0.024291497975708502
0 0.8404645476772616 0.6447368421052632 0.030562347188264057 0.022267206477732795