0 0.11002604166666666 0.2071759259259259 0.03125 0.034722222222222224
0 0.08626302083333333 0.4247685185185185 0.047526041666666664 0.05092592592592592
0 0.9127604166666666 0.2864583333333333 0.04427083333333333 0.05208333333333333
0 0.580078125 0.5144675925925926 0.041666666666666664 0.05671296296296296
0 0.9055989583333333 0.5792824074074073 0.016927083333333332 0.03356481481481481
0 0.07649739583333333 0.6591435185185185 0.014973958333333332 0.015046296296296295
0 0.1669921875 0.6631944444444444 0.013671875 0.013888888888888888
0 0.24967447916666666 0.6724537037037037 0.014973958333333332 0.013888888888888888
0 0.07942708333333333 0.8223379629629629 0.015625 0.015046296296296295
0 0.2470703125 0.8379629629629629 0.016276041666666664 0.016203703703703703
0 0.16569010416666666 0.8263888888888888 0.011067708333333332 0.013888888888888888
0 0.9368489583333333 0.9224537037037036 0.0703125 0.08564814814814814