0 0.13284132841328414 0.08278145695364239 0.26199261992619927 0.16556291390728478
0 0.19557195571955718 0.29635761589403975 0.03690036900369004 0.023178807947019868
0 0.26014760147601473 0.33774834437086093 0.033210332103321034 0.026490066225165563
0 0.533210332103321 0.6688741721854304 0.04059040590405904 0.033112582781456956
0 0.5230627306273062 0.7400662251655629 0.042435424354243544 0.03642384105960265
0 0.7001845018450185 0.7135761589403974 0.05719557195571955 0.03642384105960265
0 0.8699261992619925 0.8675496688741722 0.027675276752767528 0.019867549668874173
0 0.6992619926199262 0.8741721854304636 0.04059040590405904 0.039735099337748346
0 0.5341328413284133 0.8807947019867549 0.042435424354243544 0.06622516556291391
0 0.023985239852398522 0.9288079470198676 0.04428044280442804 0.03642384105960265
0 0.023062730627306273 0.859271523178808 0.038745387453874534 0.029801324503311258
0 0.4381918819188192 0.39403973509933776 0.046125461254612546 0.06622516556291391
0 0.37453874538745385 0.35596026490066224 0.04059040590405904 0.06291390728476821
0 0.1900369003690037 0.6721854304635762 0.047970479704797044 0.039735099337748346