0 0.36066666666666664 0.17037861915367483 0.09466666666666666 0.10913140311804008
0 0.5666666666666667 0.15924276169265034 0.104 0.11804008908685969
0 0.7806666666666666 0.19599109131403117 0.14266666666666666 0.10244988864142539
0 0.7846666666666666 0.5612472160356348 0.13733333333333334 0.12472160356347438
0 0.5593333333333333 0.5423162583518931 0.10266666666666667 0.09131403118040089
0 0.36733333333333335 0.5055679287305123 0.08666666666666667 0.10244988864142539
0 0.23266666666666666 0.46325167037861914 0.076 0.09354120267260578
0 0.09933333333333333 0.4610244988864142 0.06799999999999999 0.09354120267260578
0 0.112 0.844097995545657 0.08 0.06236080178173719
0 0.6786666666666666 0.36971046770601335 0.026666666666666665 0.04008908685968819
0 0.6759999999999999 0.7516703786191536 0.024 0.042316258351893093
0 0.46199999999999997 0.36525612472160357 0.022666666666666665 0.04008908685968819
0 0.30466666666666664 0.35634743875278396 0.017333333333333333 0.035634743875278395
0 0.46066666666666667 0.7026726057906458 0.02 0.0378619153674833
0 0.314 0.6447661469933185 0.014666666666666666 0.0378619153674833
0 0.16333333333333333 0.34966592427616927 0.017333333333333333 0.031180400890868595
0 0.22599999999999998 0.18262806236080179 0.07866666666666666 0.10244988864142539
0 0.08933333333333333 0.20378619153674832 0.06666666666666667 0.09131403118040089
0 0.17266666666666666 0.6135857461024499 0.014666666666666666 0.03340757238307349
0 0.40199999999999997 0.0378619153674833 0.025333333333333333 0.0757238307349666
0 0.9233333333333333 0.4064587973273942 0.04133333333333333 0.028953229398663696
0 0.043333333333333335 0.589086859688196 0.02 0.03340757238307349
0 0.9259999999999999 0.8073496659242761 0.03866666666666667 0.042316258351893093