0 0.7511111111111111 0.07090909090909091 0.05333333333333333 0.06909090909090909
0 0.76 0.19 0.22666666666666666 0.06363636363636363
0 0.5294444444444445 0.5163636363636364 0.052222222222222225 0.01818181818181818
0 0.7361111111111112 0.48818181818181816 0.05 0.016363636363636365
0 0.16277777777777777 0.5036363636363637 0.03 0.03636363636363636
0 0.09388888888888888 0.8827272727272727 0.08555555555555555 0.023636363636363636
0 0.6161111111111112 0.92 0.05 0.02181818181818182
0 0.7494444444444445 0.8490909090909091 0.09222222222222222 0.02909090909090909
0 0.8911111111111111 0.8736363636363637 0.026666666666666665 0.045454545454545456
0 0.45055555555555554 0.5118181818181818 0.03666666666666667 0.06727272727272728
0 0.8172222222222222 0.3463636363636364 0.05444444444444444 0.016363636363636365
0 0.22333333333333333 0.9 0.024444444444444446 0.03636363636363636
0 0.37833333333333335 0.9127272727272727 0.016666666666666666 0.025454545454545455
0 0.23555555555555555 0.5072727272727273 0.051111111111111114 0.01818181818181818