0 0.27725 0.70225 0.0415 0.0115
0 0.7555000000000001 0.333 0.044 0.044
0 0.28775 0.33875 0.0545 0.0465
0 0.374 0.64975 0.05 0.0475
0 0.2535 0.5005000000000001 0.042 0.049
0 0.24925 0.6315000000000001 0.0315 0.043000000000000003
0 0.37025 0.5327500000000001 0.0415 0.0405
0 0.3675 0.4415 0.045 0.042
0 0.36275 0.777 0.0455 0.05
0 0.49725 0.77875 0.043500000000000004 0.0415
0 0.62325 0.77025 0.043500000000000004 0.0405
0 0.73675 0.75025 0.0315 0.0465
0 0.51175 0.6627500000000001 0.043500000000000004 0.0485
0 0.63875 0.659 0.043500000000000004 0.046
0 0.7165 0.52225 0.045 0.0465
0 0.772 0.37 0.048 0.043000000000000003
0 0.74875 0.63575 0.0345 0.0465
0 0.602 0.5845 0.051000000000000004 0.03
0 0.47950000000000004 0.57275 0.042 0.0395
0 0.48775 0.5055000000000001 0.0455 0.03