0 0.314375 0.0675 0.04625 0.06166666666666667
0 0.375 0.06833333333333334 0.045 0.05666666666666667
0 0.500625 0.058333333333333334 0.03375 0.043333333333333335
0 0.568125 0.07 0.06625 0.043333333333333335
0 0.62875 0.06416666666666668 0.03 0.03833333333333334
0 0.6825 0.0575 0.0225 0.035
0 0.734375 0.05916666666666667 0.04125 0.045000000000000005
0 0.795 0.06166666666666667 0.0425 0.05
0 0.796875 0.09333333333333334 0.06875 0.016666666666666666
0 0.863125 0.0675 0.05375 0.06833333333333334
0 0.93 0.05666666666666667 0.035 0.04
0 0.931875 0.09250000000000001 0.07625 0.025
0 0.2325 0.5433333333333333 0.05 0.06666666666666667