0 0.07960644007155634 0.07471264367816091 0.10912343470483006 0.0896551724137931
0 0.3372093023255814 0.0793103448275862 0.11270125223613596 0.0896551724137931
0 0.07692307692307693 0.3333333333333333 0.11091234347048301 0.08735632183908046
0 0.3354203935599284 0.3333333333333333 0.11270125223613596 0.09195402298850575
0 0.5912343470483006 0.3310344827586207 0.10912343470483006 0.09195402298850575
0 0.8381037567084079 0.3333333333333333 0.11270125223613596 0.09195402298850575
0 0.07960644007155634 0.5862068965517241 0.10912343470483006 0.08735632183908046
0 0.334525939177102 0.5850574712643678 0.1073345259391771 0.0896551724137931
0 0.592128801431127 0.5873563218390805 0.1073345259391771 0.09425287356321839
0 0.8381037567084079 0.5850574712643678 0.10912343470483006 0.0896551724137931
0 0.07871198568872988 0.8425287356321839 0.11091234347048301 0.0896551724137931
0 0.3336314847942755 0.8425287356321839 0.10912343470483006 0.0896551724137931
0 0.5930232558139535 0.8425287356321839 0.10912343470483006 0.08505747126436781
0 0.8434704830053668 0.8459770114942529 0.11985688729874776 0.10114942528735632