0 0.24565217391304348 0.2781818181818182 0.07101449275362319 0.09454545454545454
0 0.4572463768115942 0.27545454545454545 0.07391304347826087 0.08545454545454545
0 0.24855072463768116 0.6427272727272727 0.07391304347826087 0.09272727272727273
0 0.4702898550724638 0.5481818181818182 0.06811594202898551 0.0890909090909091
0 0.4666666666666667 0.649090909090909 0.06666666666666667 0.06545454545454546
0 0.6652173913043479 0.5463636363636364 0.06086956521739131 0.0890909090909091
0 0.8514492753623188 0.2790909090909091 0.06521739130434782 0.0890909090909091
0 0.6572463768115943 0.2727272727272727 0.06811594202898551 0.08
0 0.1565217391304348 0.4072727272727273 0.04057971014492753 0.08727272727272728
0 0.5753623188405798 0.4618181818181818 0.06086956521739131 0.014545454545454545
0 0.668840579710145 0.64 0.059420289855072465 0.06181818181818182