0 0.5267857142857143 0.5326633165829145 0.25 0.06030150753768844
0 0.7779017857142857 0.52428810720268 0.2388392857142857 0.04020100502512563
0 0.7667410714285714 0.15912897822445563 0.05133928571428571 0.16415410385259632
0 0.07477678571428571 0.5309882747068677 0.13169642857142858 0.05025125628140704
0 0.22544642857142855 0.5309882747068677 0.08482142857142856 0.03685092127303183
0 0.9375 0.5301507537688442 0.08035714285714285 0.021775544388609715
0 0.08928571428571427 0.4204355108877722 0.11607142857142856 0.08375209380234507
0 0.5055803571428571 0.3852596314907873 0.16741071428571427 0.11725293132328309
0 0.71875 0.42629815745393634 0.11160714285714285 0.08877721943048576
0 0.26450892857142855 0.24120603015075376 0.020089285714285712 0.12060301507537688
0 0.5457589285714285 0.07118927973199331 0.046875 0.14237855946398661
0 0.23325892857142855 0.4581239530988275 0.078125 0.05862646566164154