0 0.37039170506912444 0.18233618233618235 0.10714285714285714 0.06552706552706553
0 0.2926267281105991 0.16310541310541313 0.03917050691244239 0.05270655270655271
0 0.6094470046082949 0.7635327635327636 0.06451612903225806 0.025641025641025644
0 0.5616359447004609 0.7656695156695157 0.024193548387096774 0.029914529914529916
0 0.43202764976958524 0.6866096866096867 0.016129032258064516 0.05982905982905983
0 0.4976958525345622 0.6794871794871795 0.016129032258064516 0.05982905982905983
0 0.5668202764976958 0.6823361823361823 0.013824884792626727 0.05698005698005698
0 0.6025345622119815 0.688034188034188 0.01152073732718894 0.05698005698005698
0 0.6330645161290323 0.6923076923076923 0.012672811059907835 0.05413105413105413
0 0.4314516129032258 0.7286324786324787 0.014976958525345621 0.01851851851851852
0 0.4976958525345622 0.7236467236467237 0.016129032258064516 0.022792022792022793
0 0.5673963133640553 0.7272079772079773 0.014976958525345621 0.027065527065527065
0 0.603110599078341 0.7264957264957266 0.012672811059907835 0.019943019943019943
0 0.6319124423963134 0.73005698005698 0.012672811059907835 0.027065527065527065