0 0.5033333333333334 0.4955555555555556 0.1 0.08444444444444445
0 0.13833333333333334 0.29333333333333333 0.13 0.06222222222222222
0 0.16 0.3688888888888889 0.11333333333333334 0.044444444444444446
0 0.24000000000000002 0.43777777777777777 0.08666666666666667 0.09333333333333334
0 0.06166666666666667 0.5355555555555556 0.09000000000000001 0.057777777777777775
0 0.15166666666666667 0.47333333333333333 0.08333333333333334 0.13777777777777778
0 0.2516666666666667 0.3111111111111111 0.08333333333333334 0.13333333333333333
0 0.33666666666666667 0.30666666666666664 0.08666666666666667 0.10666666666666666
0 0.40166666666666667 0.5088888888888888 0.09000000000000001 0.1111111111111111
0 0.3166666666666667 0.6022222222222222 0.13333333333333333 0.04888888888888889
0 0.18000000000000002 0.5844444444444444 0.1 0.10222222222222223
0 0.085 0.6444444444444445 0.09000000000000001 0.10666666666666666
0 0.16166666666666668 0.22666666666666666 0.12333333333333334 0.044444444444444446
0 0.33166666666666667 0.41333333333333333 0.09000000000000001 0.08
0 0.4266666666666667 0.38222222222222224 0.08 0.09777777777777778
0 0.6133333333333334 0.5222222222222223 0.11333333333333334 0.09333333333333334
0 0.7150000000000001 0.5044444444444445 0.07666666666666667 0.10222222222222223
0 0.78 0.4866666666666667 0.04666666666666667 0.18222222222222223
0 0.6883333333333334 0.6244444444444445 0.10333333333333335 0.1111111111111111
0 0.5833333333333334 0.6511111111111111 0.07333333333333333 0.13777777777777778
0 0.5116666666666667 0.6266666666666667 0.05 0.14222222222222222
0 0.4416666666666667 0.64 0.07 0.1511111111111111
0 0.325 0.7066666666666667 0.11666666666666667 0.13333333333333333
0 0.21833333333333335 0.6933333333333334 0.09000000000000001 0.11555555555555555
0 0.12666666666666668 0.7311111111111112 0.08666666666666667 0.1111111111111111
0 0.195 0.8088888888888889 0.10333333333333335 0.08
0 0.30833333333333335 0.8266666666666667 0.11666666666666667 0.08888888888888889
0 0.4266666666666667 0.8533333333333333 0.11333333333333334 0.05333333333333333
0 0.5416666666666667 0.8555555555555555 0.08333333333333334 0.057777777777777775
0 0.6566666666666667 0.8466666666666667 0.12000000000000001 0.07555555555555556
0 0.2916666666666667 0.5133333333333333 0.11666666666666667 0.07555555555555556
0 0.5066666666666667 0.36444444444444446 0.07333333333333333 0.13333333333333333
0 0.6366666666666667 0.43555555555555553 0.10666666666666667 0.09777777777777778
0 0.6566666666666667 0.3333333333333333 0.09333333333333334 0.10666666666666666
0 0.5916666666666667 0.33555555555555555 0.07666666666666667 0.14666666666666667
0 0.4166666666666667 0.26 0.08666666666666667 0.12
0 0.42000000000000004 0.14444444444444443 0.11333333333333334 0.057777777777777775
0 0.33333333333333337 0.1711111111111111 0.08666666666666667 0.10222222222222223
0 0.515 0.24 0.09666666666666668 0.05333333333333333
0 0.5333333333333333 0.1511111111111111 0.10666666666666667 0.09777777777777778
0 0.6166666666666667 0.19333333333333333 0.06666666666666667 0.1111111111111111
0 0.7033333333333334 0.1511111111111111 0.10666666666666667 0.07111111111111111
0 0.7016666666666667 0.23555555555555555 0.09666666666666668 0.07111111111111111
0 0.7616666666666667 0.8133333333333334 0.08333333333333334 0.09777777777777778
0 0.6966666666666667 0.7288888888888889 0.08 0.11555555555555555
0 0.8500000000000001 0.6022222222222222 0.07333333333333333 0.12
0 0.8450000000000001 0.7577777777777778 0.08333333333333334 0.15555555555555556
0 0.385 0.7688888888888888 0.12333333333333334 0.07111111111111111
0 0.805 0.30444444444444446 0.07 0.10222222222222223
0 0.9066666666666667 0.2822222222222222 0.11333333333333334 0.10222222222222223
0 0.5016666666666667 0.7622222222222222 0.09666666666666668 0.09333333333333334
0 0.9183333333333334 0.6666666666666666 0.08333333333333334 0.13333333333333333
0 0.7783333333333334 0.6755555555555556 0.07666666666666667 0.13333333333333333
0 0.8466666666666667 0.4444444444444444 0.08 0.16
0 0.9233333333333333 0.38 0.07333333333333333 0.1111111111111111
0 0.7283333333333334 0.3622222222222222 0.07 0.13777777777777778
0 0.9316666666666668 0.5111111111111111 0.10333333333333335 0.12444444444444444
0 0.8033333333333333 0.19333333333333333 0.1 0.1111111111111111
0 0.06666666666666667 0.41333333333333333 0.05333333333333334 0.13333333333333333