0 0.5233333333333333 0.6722222222222223 0.04666666666666667 0.07333333333333333
0 0.5241666666666667 0.7211111111111111 0.05166666666666667 0.042222222222222223
0 0.3541666666666667 0.7133333333333334 0.03833333333333334 0.06222222222222222
0 0.3541666666666667 0.75 0.03833333333333334 0.03333333333333333
0 0.14 0.6033333333333334 0.023333333333333334 0.042222222222222223
0 0.7708333333333334 0.5588888888888889 0.03166666666666667 0.03777777777777778
0 0.38333333333333336 0.42444444444444446 0.030000000000000002 0.035555555555555556
0 0.3825 0.45 0.03166666666666667 0.015555555555555555
0 0.6208333333333333 0.4766666666666667 0.028333333333333335 0.015555555555555555
0 0.6233333333333334 0.44666666666666666 0.030000000000000002 0.044444444444444446
0 0.8308333333333334 0.42 0.015000000000000001 0.03111111111111111
0 0.81 0.5544444444444444 0.023333333333333334 0.04666666666666667
0 0.8083333333333333 0.5844444444444444 0.02666666666666667 0.022222222222222223
0 0.7708333333333334 0.58 0.03166666666666667 0.017777777777777778
0 0.37333333333333335 0.5511111111111111 0.05666666666666667 0.03111111111111111
0 0.15666666666666668 0.49333333333333335 0.05 0.017777777777777778