0 0.4699074074074074 0.8028350515463918 0.15277777777777776 0.05412371134020619
0 0.46219135802469136 0.23324742268041238 0.06944444444444445 0.03350515463917526
0 0.37731481481481477 0.26288659793814434 0.06327160493827161 0.02577319587628866
0 0.5455246913580246 0.2603092783505155 0.06018518518518518 0.02577319587628866
0 0.3441358024691358 0.7847938144329897 0.06790123456790123 0.059278350515463915
0 0.26543209876543206 0.7667525773195876 0.08333333333333333 0.05412371134020619
0 0.1589506172839506 0.7615979381443299 0.10493827160493827 0.04381443298969072
0 0.5825617283950617 0.779639175257732 0.06635802469135801 0.04896907216494845
0 0.6658950617283951 0.7603092783505154 0.08179012345679013 0.05154639175257732
0 0.7584876543209876 0.75 0.09104938271604937 0.04639175257731959
0 0.6381172839506173 0.28350515463917525 0.06018518518518518 0.02577319587628866
0 0.7391975308641975 0.297680412371134 0.05864197530864197 0.028350515463917526
0 0.16743827160493827 0.30670103092783507 0.05709876543209876 0.020618556701030927
0 0.27932098765432095 0.2899484536082474 0.05864197530864197 0.023195876288659795