0 0.07916666666666668 0.18783068783068782 0.03333333333333333 0.021164021164021163
0 0.18000000000000002 0.17394179894179893 0.035 0.022486772486772486
0 0.35000000000000003 0.2136243386243386 0.1366666666666667 0.12037037037037036
0 0.17250000000000001 0.580026455026455 0.03666666666666667 0.03042328042328042
0 0.31375000000000003 0.5906084656084656 0.04416666666666667 0.03042328042328042
0 0.2791666666666667 0.5939153439153438 0.013333333333333334 0.037037037037037035
0 0.27458333333333335 0.5694444444444444 0.0125 0.009259259259259259
0 0.19625 0.7116402116402116 0.09083333333333334 0.19047619047619047
0 0.3441666666666667 0.7222222222222222 0.10500000000000001 0.18783068783068782
0 0.36583333333333334 0.9702380952380952 0.030000000000000002 0.022486772486772486
0 0.1704166666666667 0.9854497354497354 0.03916666666666667 0.023809523809523808
0 0.06583333333333334 0.9563492063492063 0.03333333333333333 0.031746031746031744
0 0.505 0.6091269841269841 0.05166666666666667 0.03042328042328042
0 0.6575000000000001 0.5958994708994708 0.04666666666666667 0.03042328042328042
0 0.7883333333333333 0.5912698412698413 0.04166666666666667 0.0291005291005291
0 0.9020833333333333 0.5826719576719577 0.0425 0.03042328042328042
0 0.65 0.988095238095238 0.028333333333333335 0.021164021164021163
0 0.8058333333333334 0.5171957671957672 0.005 0.015873015873015872
0 0.5195833333333334 0.14351851851851852 0.04916666666666667 0.03571428571428571
0 0.6579166666666667 0.16203703703703703 0.04416666666666667 0.03306878306878307
0 0.79625 0.1693121693121693 0.04416666666666667 0.031746031746031744
0 0.4791666666666667 0.15806878306878305 0.01 0.046296296296296294
0 0.4679166666666667 0.16997354497354497 0.007500000000000001 0.04365079365079365
0 0.5495833333333334 0.28174603174603174 0.10750000000000001 0.20105820105820105
0 0.6845833333333334 0.2837301587301587 0.09416666666666668 0.1865079365079365
0 0.8216666666666668 0.28505291005291006 0.09333333333333334 0.18386243386243384
0 0.9116666666666667 0.3161375661375661 0.03833333333333334 0.164021164021164
0 0.9104166666666668 0.023809523809523808 0.010833333333333334 0.047619047619047616