0 0.11692708333333333 0.8054687500000001 0.14947916666666666 0.0484375
0 0.8664062499999999 0.700390625 0.05677083333333333 0.03671875
0 0.8627604166666667 0.6609375000000001 0.034895833333333334 0.03125
0 0.6971354166666667 0.675390625 0.16614583333333333 0.11171875
0 0.65546875 0.7718750000000001 0.16302083333333334 0.1078125
0 0.5533854166666666 0.73046875 0.018229166666666668 0.0203125
0 0.3299479166666667 0.6890625 0.059895833333333336 0.03125
0 0.9093749999999999 0.739453125 0.028125 0.025781250000000002
0 0.75 0.78046875 0.01875 0.0140625
0 0.21041666666666667 0.7503906250000001 0.06875 0.05390625
0 0.51171875 0.828125 0.05572916666666666 0.035937500000000004