0 0.49932750504371215 0.504932735426009 0.10961667787491594 0.07354260089686099
0 0.30497646267652995 0.5695067264573991 0.014122394082044385 0.010762331838565023
0 0.38870208473436446 0.5704035874439461 0.013449899125756556 0.008968609865470852
0 0.4754539340954943 0.5708520179372197 0.014794889038332213 0.009865470852017937
0 0.5632145258910558 0.5699551569506727 0.014122394082044385 0.009865470852017937
0 0.4344317417619368 0.6430493273542601 0.014794889038332213 0.010762331838565023
0 0.5652320107599192 0.6430493273542601 0.01546738399462004 0.010762331838565023
0 0.6089441829186281 0.6488789237668161 0.02488231338264963 0.017040358744394617
0 0.6492938802958977 0.5699551569506727 0.012777404169468728 0.009865470852017937
0 0.5010087424344317 0.6560538116591929 0.006724949562878278 0.004484304932735426
0 0.06825823806321453 0.5053811659192825 0.03160726294552791 0.017040358744394617
0 0.6809011432414257 0.6762331838565022 0.008742434431741762 0.012556053811659192
0 0.6509751176866173 0.6695067264573991 0.00941492938802959 0.011659192825112108