0 0.7713593471053303 0.5594758064516129 0.07931650089262943 0.15443548387096775
0 0.39989798520785513 0.571975806451613 0.09691405253761795 0.1407258064516129
0 0.08122927824534558 0.5987903225806451 0.011476664116296862 0.008064516129032258
0 0.2394797245600612 0.6016129032258064 0.008671257332313186 0.008870967741935484
0 0.25427186942106605 0.6016129032258064 0.02244325427186942 0.00967741935483871
0 0.09869931140015302 0.6006048387096774 0.024993624075490946 0.008467741935483872
0 0.24343279775567456 0.6133064516129032 0.017597551644988524 0.00967741935483871
0 0.25784238714613616 0.6127016129032258 0.011731701096659015 0.009274193548387096
0 0.10277990308594746 0.6116935483870968 0.01530221882172915 0.008064516129032258
0 0.08492731446059679 0.6110887096774194 0.018872736546799284 0.0125
0 0.578678908441724 0.5943548387096774 0.00816118337158888 0.008870967741935484
0 0.5924509053812803 0.5929435483870967 0.01938281050752359 0.007661290322580645
0 0.581866870696251 0.6064516129032258 0.016577403723539913 0.012096774193548387
0 0.5958939046161693 0.6060483870967742 0.011986738077021167 0.01129032258064516
0 0.8922468757969906 0.5826612903225806 0.015047181841366998 0.020967741935483872
0 0.9044886508543739 0.5854838709677419 0.009436368273399642 0.01935483870967742
0 0.9011731701096659 0.5612903225806452 0.016577403723539913 0.01532258064516129
0 0.8891864320326447 0.557258064516129 0.007396072430502423 0.01532258064516129
0 0.7246875796990564 0.5435483870967742 0.007906146391226727 0.007258064516129033
0 0.7245600612088753 0.5189516129032258 0.00816118337158888 0.0064516129032258064
0 0.7243050242285131 0.48508064516129035 0.008671257332313186 0.008870967741935484
0 0.724049987248151 0.47600806451612904 0.010711553175210406 0.008467741935483872
0 0.7243050242285131 0.4679435483870968 0.00612088752869166 0.009274193548387096
0 0.7243050242285131 0.4949596774193548 0.008671257332313186 0.0068548387096774195
0 0.5862024993624075 0.675 0.006885998469778117 0.018548387096774192
0 0.09194083142055598 0.6737903225806452 0.008416220351951033 0.016129032258064516
0 0.24878857434327978 0.6737903225806452 0.006885998469778117 0.014516129032258065