0 0.5332422586520947 0.5169902912621359 0.1994535519125683 0.42880258899676377
0 0.75 0.5388349514563107 0.17759562841530055 0.41423948220064727
0 0.7285974499089253 0.8333333333333334 0.151183970856102 0.11650485436893204
0 0.5195810564663024 0.8268608414239482 0.1721311475409836 0.1197411003236246
0 0.26958105646630237 0.772653721682848 0.09107468123861566 0.09546925566343042
0 0.145264116575592 0.7038834951456311 0.05555555555555555 0.0744336569579288
0 0.08652094717668488 0.6488673139158576 0.03642987249544627 0.05825242718446602
0 0.28005464480874315 0.5137540453074434 0.11566484517304189 0.33495145631067963
0 0.151183970856102 0.4911003236245955 0.0692167577413479 0.2605177993527508
0 0.09153005464480875 0.4846278317152104 0.0482695810564663 0.20873786407766992
0 0.04781420765027322 0.40614886731391586 0.037340619307832425 0.17475728155339806
0 0.015027322404371584 0.4134304207119741 0.026411657559198543 0.14401294498381878