0 0.18492798353909468 0.24575617283950615 0.22890946502057616 0.2183641975308642
0 0.3549382716049383 0.1724537037037037 0.10596707818930041 0.22376543209876543
0 0.14236111111111113 0.6865354938271605 0.014146090534979425 0.006558641975308642
0 0.21965020576131689 0.6965663580246914 0.01337448559670782 0.006558641975308642
0 0.22839506172839508 0.6983024691358024 0.0051440329218107005 0.008487654320987654
0 0.15084876543209877 0.6875 0.005401234567901235 0.007716049382716049
0 0.5787037037037037 0.7550154320987654 0.01234567901234568 0.009259259259259259
0 0.5866769547325104 0.7565586419753086 0.00565843621399177 0.011574074074074073
0 0.7852366255144033 0.7854938271604938 0.01234567901234568 0.010802469135802469
0 0.7928240740740742 0.7868441358024691 0.004372427983539095 0.01427469135802469
0 0.8930041152263375 0.7787422839506173 0.02726337448559671 0.0466820987654321