0 0.19615384615384615 0.2804757185332012 0.06769230769230769 0.05550049554013875
0 0.34846153846153843 0.2874132804757185 0.07230769230769231 0.053518334985133795
0 0.4623076923076923 0.28790882061446976 0.06615384615384616 0.05450941526263627
0 0.20807692307692308 0.5971258671952429 0.07307692307692308 0.05450941526263627
0 0.36423076923076925 0.6015857284440039 0.06692307692307692 0.05550049554013875
0 0.48730769230769233 0.599603567888999 0.07307692307692308 0.057482656095143705
0 0.6438461538461538 0.6333002973240832 0.052307692307692305 0.02973240832507433
0 0.6442307692307693 0.3954410307234886 0.05307692307692308 0.02973240832507433
0 0.05615384615384615 0.4717542120911794 0.04923076923076923 0.027750247770069375
0 0.06846153846153846 0.5401387512388504 0.055384615384615386 0.035678889990089196
0 0.8184615384615385 0.398414271555996 0.052307692307692305 0.027750247770069375
0 0.8107692307692308 0.6347869177403369 0.052307692307692305 0.026759167492566897
0 0.933076923076923 0.5896927651139742 0.013846153846153847 0.023785926660059464
0 0.9873076923076923 0.3994053518334985 0.023846153846153847 0.02973240832507433
0 0.9023076923076923 0.5589692765113974 0.03076923076923077 0.023785926660059464
0 0.6369230769230769 0.4474727452923687 0.09846153846153846 0.0882061446977205
0 0.8107692307692308 0.44697720515361744 0.09538461538461539 0.08126858275520317
0 0.6388461538461538 0.6808721506442021 0.09461538461538462 0.07928642220019821
0 0.8011538461538461 0.6823587710604558 0.10076923076923076 0.08027750247770069