0 0.52625 0.25333333333333335 0.81 0.31
0 0.13375 0.535 0.1775 0.08
0 0.385625 0.5358333333333334 0.17875 0.08833333333333333
0 0.64125 0.5358333333333334 0.1875 0.08833333333333333
0 0.8975 0.5316666666666667 0.19 0.08333333333333334
0 0.116875 0.7250000000000001 0.18375 0.08666666666666667
0 0.379375 0.7275 0.18875 0.08833333333333333
0 0.640625 0.7291666666666667 0.19125 0.09166666666666667
0 0.905 0.7291666666666667 0.185 0.085
0 0.9081250000000001 0.9375000000000001 0.17625 0.09833333333333334
0 0.641875 0.9333333333333333 0.19625 0.09666666666666668
0 0.36875 0.9308333333333334 0.1975 0.095
0 0.10250000000000001 0.9275000000000001 0.1925 0.10500000000000001