0 0.22423076923076923 0.5455497382198954 0.2684615384615385 0.1947643979057592
0 0.2796153846153846 0.38010471204188484 0.25 0.15706806282722516
0 0.2169230769230769 0.2900523560209424 0.2123076923076923 0.21151832460732986
0 0.28923076923076924 0.2848167539267016 0.046153846153846156 0.052356020942408384
0 0.35 0.4204188481675393 0.04923076923076923 0.034554973821989535
0 0.2846153846153846 0.5963350785340314 0.05692307692307692 0.042931937172774874
0 0.6080769230769231 0.6460732984293195 0.09153846153846154 0.0712041884816754
0 0.6788461538461539 0.368586387434555 0.08692307692307692 0.04607329842931938
0 0.5761538461538461 0.10628272251308901 0.09230769230769231 0.04921465968586388
0 0.4857692307692308 0.6753926701570682 0.04846153846153846 0.03141361256544503
0 0.49346153846153845 0.193717277486911 0.03923076923076923 0.041884816753926704