0 0.444 0.7535000000000001 0.042 0.043000000000000003
0 0.38325000000000004 0.3825 0.0345 0.049
0 0.35425 0.4935 0.035500000000000004 0.048
0 0.16025 0.6805 0.0155 0.045
0 0.46900000000000003 0.439 0.027 0.053
0 0.444 0.53925 0.035 0.0455
0 0.5555 0.582 0.038 0.035
0 0.57575 0.48525 0.0385 0.035500000000000004
0 0.6545 0.629 0.04 0.044
0 0.62425 0.5295 0.025500000000000002 0.043000000000000003
0 0.68625 0.3785 0.0305 0.049
0 0.72475 0.4835 0.0445 0.047
0 0.7585000000000001 0.5935 0.027 0.046
0 0.77325 0.71 0.0335 0.046
0 0.67525 0.7405 0.035500000000000004 0.046
0 0.5670000000000001 0.76025 0.04 0.029500000000000002
0 0.44725000000000004 0.63975 0.0395 0.0425
0 0.543 0.6695 0.042 0.031
0 0.33925 0.617 0.0405 0.043000000000000003
0 0.32275 0.35125 0.0425 0.0445
0 0.73875 0.33775 0.035500000000000004 0.0425