0 0.4 0.36186186186186187 0.08 0.0990990990990991
0 0.213 0.5570570570570571 0.042 0.06906906906906907
0 0.15 0.6156156156156156 0.048 0.07207207207207207
0 0.391 0.5855855855855856 0.042 0.04204204204204204
0 0.396 0.6876876876876877 0.048 0.05405405405405406
0 0.592 0.8348348348348348 0.068 0.03003003003003003
0 0.508 0.5495495495495496 0.064 0.0960960960960961
0 0.609 0.5255255255255256 0.066 0.08408408408408408
0 0.677 0.6966966966966966 0.042 0.05405405405405406
0 0.767 0.6591591591591591 0.038 0.03903903903903904
0 0.854 0.6426426426426426 0.056 0.06606606606606606
0 0.298 0.5375375375375375 0.04 0.018018018018018018