0 0.10575296108291032 0.39464882943143814 0.09306260575296108 0.11371237458193979
0 0.32656514382402707 0.37792642140468224 0.09475465313028765 0.12040133779264214
0 0.07445008460236886 0.12040133779264214 0.05752961082910321 0.06020066889632107
0 0.5321489001692047 0.42642140468227424 0.1302876480541455 0.14381270903010032
0 0.817258883248731 0.41304347826086957 0.12521150592216582 0.1505016722408027
0 0.7453468697123519 0.07692307692307693 0.06260575296108291 0.07357859531772575
0 0.7563451776649746 0.25418060200668896 0.06429780033840947 0.0802675585284281
0 0.2986463620981387 0.8545150501672241 0.08629441624365482 0.05016722408026756
0 0.6928934010152284 0.6722408026755853 0.028764805414551606 0.05351170568561873
0 0.9830795262267343 0.6471571906354515 0.02707275803722504 0.056856187290969896
0 0.6725888324873096 0.294314381270903 0.05583756345177665 0.04013377926421405