0 0.5180722891566265 0.2673076923076923 0.09036144578313253 0.038461538461538464
0 0.29518072289156627 0.5596153846153846 0.11445783132530121 0.06923076923076923
0 0.11445783132530121 0.7326923076923078 0.20180722891566266 0.10384615384615385
0 0.2266566265060241 0.8086538461538462 0.058734939759036146 0.032692307692307694
0 0.4051204819277109 0.6432692307692308 0.03614457831325302 0.021153846153846155
0 0.802710843373494 0.7317307692307693 0.15963855421686748 0.07884615384615384
0 0.8125 0.5788461538461539 0.1430722891566265 0.06923076923076923
0 0.5918674698795181 0.5538461538461539 0.1716867469879518 0.07307692307692308
0 0.5368975903614458 0.19423076923076923 0.058734939759036146 0.03461538461538462
0 0.7259036144578314 0.45480769230769236 0.03614457831325302 0.01730769230769231
0 0.9292168674698795 0.7115384615384616 0.057228915662650606 0.026923076923076925
0 0.3802710843373494 0.7711538461538462 0.03765060240963856 0.026923076923076925