0 0.3293991416309013 0.5691489361702128 0.15236051502145923 0.12411347517730496
0 0.7821888412017167 0.900709219858156 0.13090128755364808 0.11347517730496454
0 0.8476394849785408 0.6702127659574468 0.06866952789699571 0.07801418439716312
0 0.31223175965665234 0.37056737588652483 0.12660944206008584 0.1595744680851064
0 0.09978540772532189 0.34397163120567376 0.07510729613733906 0.07801418439716312
0 0.15021459227467812 0.22872340425531915 0.09012875536480687 0.05319148936170213
0 0.592274678111588 0.4929078014184397 0.05150214592274678 0.05673758865248227
0 0.6437768240343348 0.1950354609929078 0.05150214592274678 0.035460992907801414
0 0.5085836909871244 0.19680851063829788 0.055793991416309016 0.031914893617021274
0 0.6448497854077253 0.16489361702127658 0.045064377682403435 0.031914893617021274
0 0.509656652360515 0.16843971631205673 0.04935622317596566 0.024822695035460994