0 0.6221689895470384 0.2891034031413613 0.05836236933797909 0.0350130890052356
0 0.7912674216027874 0.2635798429319372 0.05596689895470383 0.0350130890052356
0 0.8246951219512195 0.5894960732984293 0.05444250871080139 0.03043193717277487
0 0.47735191637630664 0.7624345549738221 0.023519163763066203 0.015052356020942409
0 0.5411585365853658 0.7709424083769634 0.023954703832752614 0.014397905759162305
0 0.4291158536585366 0.7616164921465969 0.015897212543554008 0.012107329842931938
0 0.3825130662020906 0.7575261780104713 0.015461672473867595 0.0137434554973822
0 0.5470383275261324 0.7534358638743456 0.020470383275261322 0.010798429319371729
0 0.5282012195121951 0.47938481675392675 0.01720383275261324 0.020287958115183247
0 0.5468205574912892 0.4800392670157068 0.017421602787456445 0.020287958115183247
0 0.5679442508710801 0.481020942408377 0.017857142857142856 0.01963350785340314
0 0.39623257839721254 0.4767670157068063 0.01633275261324042 0.016361256544502618
0 0.3748911149825784 0.4767670157068063 0.015461672473867595 0.01897905759162304
0 0.4334712543554007 0.48069371727748694 0.014590592334494773 0.016361256544502618
0 0.47081881533101044 0.4824934554973822 0.014808362369337979 0.018651832460732987
0 0.49009146341463417 0.48134816753926707 0.015461672473867595 0.016361256544502618
0 0.5080574912891986 0.4834751308900524 0.013937282229965157 0.01930628272251309
0 0.4496951219512195 0.4821662303664922 0.01524390243902439 0.018651832460732987