0 0.3489583333333333 0.05277777777777778 0.11041666666666666 0.061111111111111116
0 0.1 0.04583333333333334 0.125 0.075
0 0.6104166666666666 0.05555555555555556 0.11666666666666667 0.07222222222222223
0 0.8489583333333334 0.0625 0.10625 0.08055555555555556
0 0.08645833333333333 0.7680555555555556 0.17291666666666666 0.11388888888888889
0 0.30833333333333335 0.7791666666666667 0.22916666666666666 0.11944444444444445
0 0.5989583333333334 0.7736111111111111 0.23541666666666666 0.11944444444444445
0 0.8354166666666667 0.7819444444444444 0.20416666666666666 0.11944444444444445
0 0.059375 0.6236111111111111 0.11875 0.14166666666666666
0 0.3 0.625 0.11666666666666667 0.14444444444444446
0 0.6145833333333334 0.6319444444444444 0.10833333333333334 0.1527777777777778
0 0.8177083333333334 0.6361111111111112 0.10208333333333333 0.14444444444444446