0 0.07533333333333334 0.341648590021692 0.05466666666666666 0.03253796095444685
0 0.15933333333333333 0.3611713665943601 0.030666666666666665 0.14533622559652928
0 0.252 0.36225596529284165 0.032 0.13882863340563992
0 0.3426666666666667 0.368763557483731 0.029333333333333333 0.13882863340563992
0 0.14466666666666667 0.32212581344902386 0.012 0.05856832971800434
0 0.2373333333333333 0.31995661605206077 0.010666666666666666 0.06290672451193059
0 0.3313333333333333 0.3297180043383948 0.009333333333333332 0.05639913232104122
0 0.416 0.35357917570498915 0.018666666666666665 0.1301518438177874
0 0.518 0.3698481561822126 0.03333333333333333 0.1366594360086768
0 0.6173333333333333 0.3752711496746204 0.042666666666666665 0.13882863340563992
0 0.5113333333333333 0.3297180043383948 0.012 0.0650759219088937
0 0.6106666666666667 0.3362255965292842 0.013333333333333332 0.05639913232104122
0 0.18 0.49891540130151846 0.042666666666666665 0.026030368763557486
0 0.27066666666666667 0.5021691973969631 0.04 0.02386117136659436
0 0.36133333333333334 0.5108459869848156 0.04 0.02386117136659436
0 0.42666666666666664 0.5021691973969631 0.032 0.03253796095444685
0 0.53 0.5130151843817787 0.04133333333333333 0.02819956616052061
0 0.626 0.517353579175705 0.04133333333333333 0.02386117136659436
0 0.7346666666666667 0.32646420824295014 0.04 0.1366594360086768
0 0.8626666666666667 0.32321041214750545 0.048 0.13882863340563992
0 0.7273333333333333 0.2874186550976139 0.014666666666666666 0.05856832971800434
0 0.8573333333333333 0.28524945770065074 0.016 0.05856832971800434
0 0.7333333333333333 0.4316702819956616 0.032 0.021691973969631236
0 0.86 0.4295010845986985 0.029333333333333333 0.021691973969631236