0 0.198125 0.5541666666666667 0.03875 0.04833333333333334
0 0.424375 0.06916666666666667 0.04625 0.06166666666666667
0 0.48625 0.06833333333333334 0.045 0.060000000000000005
0 0.6118750000000001 0.05916666666666667 0.03625 0.045000000000000005
0 0.676875 0.07166666666666667 0.06625 0.04
0 0.738125 0.06333333333333334 0.03125 0.03333333333333333
0 0.79 0.05916666666666667 0.04 0.05166666666666667
0 0.8525 0.060000000000000005 0.045 0.05
0 0.8512500000000001 0.09250000000000001 0.0675 0.021666666666666667
0 0.93 0.05916666666666667 0.035 0.045000000000000005
0 0.930625 0.09333333333333334 0.07375 0.023333333333333334