0 0.086 0.05655042412818096 0.142 0.048067860508953814
0 0.41816666666666663 0.2641376060320452 0.022333333333333334 0.17860508953817153
0 0.4185 0.6519792648444863 0.13433333333333333 0.04476908576814326
0 0.38316666666666666 0.5631479736098021 0.05566666666666666 0.07634307257304429
0 0.20983333333333332 0.6460885956644674 0.023 0.008482563619227144
0 0.12466666666666666 0.6401979264844486 0.029333333333333333 0.008011310084825637
0 0.1645 0.6262959472196041 0.009 0.005655042412818096
0 0.06283333333333332 0.5933081998114986 0.020999999999999998 0.006597549481621112
0 0.07466666666666666 0.555607917059378 0.02333333333333333 0.007540056550424128
0 0.1245 0.5511310084825636 0.005 0.041941564561734215
0 0.06333333333333332 0.6270028275212064 0.018666666666666665 0.006126295947219604
0 0.9038333333333333 0.1863807728557964 0.04433333333333333 0.04948162111215834
0 0.6268333333333334 0.17742695570216777 0.027 0.008953817153628653
0 0.6869999999999999 0.1675306314797361 0.030666666666666665 0.012723845428840716
0 0.7366666666666667 0.17554194156456174 0.022666666666666665 0.008953817153628653
0 0.7953333333333333 0.08576814326107446 0.016666666666666666 0.027332704995287463
0 0.7718333333333333 0.49104618284637136 0.07166666666666667 0.024505183788878417
0 0.7051666666666666 0.5011781338360037 0.013666666666666666 0.10131950989632423
0 0.6735 0.5181432610744581 0.017666666666666667 0.009896324222431668
0 0.8233333333333333 0.5183788878416588 0.022 0.010367577756833175
0 0.8551666666666666 0.49929311969839774 0.012333333333333333 0.1003770028275212
0 0.7556666666666666 0.4399151743638077 0.032 0.04382657869934024
0 0.821 0.49505183788878415 0.014666666666666666 0.022148916116870875
0 0.6476666666666666 0.7919415645617341 0.052 0.013666352497643731
0 0.7314999999999999 0.8077285579641847 0.042333333333333334 0.015080113100848256
0 0.8141666666666666 0.8770028275212064 0.04633333333333333 0.015080113100848256
0 0.8926666666666666 0.8051366635249764 0.04466666666666667 0.013666352497643731
0 0.6923333333333334 0.8284637134778511 0.020666666666666667 0.008482563619227144
0 0.7685 0.8475494816211121 0.020999999999999998 0.00706880301602262
0 0.8601666666666666 0.8864278982092365 0.023666666666666666 0.008482563619227144
0 0.8805 0.8883129123468426 0.009 0.005655042412818096
0 0.876 0.7441093308199811 0.005333333333333333 0.03204524033930255
0 0.9031666666666667 0.7445805843543827 0.0036666666666666666 0.03110273327049953
0 0.9303333333333333 0.7438737040527804 0.004666666666666666 0.032516493873704054
0 0.6946666666666667 0.7631950989632422 0.004 0.03157398680490103
0 0.769 0.7898209236569274 0.004 0.027332704995287463
0 0.7813333333333333 0.7935909519321395 0.004 0.024505183788878417
0 0.9261666666666666 0.8315268614514608 0.015666666666666666 0.005183788878416588
0 0.9385 0.8286993402450518 0.006333333333333333 0.005183788878416588