0 0.39275 0.55025 0.0385 0.0445
0 0.3865 0.67625 0.044 0.0445
0 0.28825 0.684 0.0345 0.041
0 0.3815 0.807 0.039 0.044
0 0.50575 0.68275 0.0395 0.043500000000000004
0 0.609 0.6855 0.044 0.036000000000000004
0 0.58325 0.586 0.0395 0.044
0 0.484 0.5795 0.037 0.041
0 0.4015 0.44225000000000003 0.035 0.043500000000000004
0 0.4835 0.4985 0.036000000000000004 0.036000000000000004
0 0.5005000000000001 0.79925 0.04 0.0345
0 0.6115 0.787 0.043000000000000003 0.033
0 0.718 0.6667500000000001 0.031 0.043500000000000004
0 0.68375 0.54875 0.043500000000000004 0.0465
0 0.64375 0.43775000000000003 0.0455 0.0525
0 0.30575 0.7907500000000001 0.0345 0.0405