0 0.115625 0.07788018433179723 0.08750000000000001 0.052534562211981564
0 0.309375 0.11566820276497695 0.0825 0.04516129032258064
0 0.0621875 0.5506912442396313 0.073125 0.03778801843317972
0 0.1071875 0.7170506912442396 0.165625 0.2709677419354839
0 0.3040625 0.5930875576036866 0.098125 0.054377880184331796
0 0.4925 0.5847926267281106 0.0975 0.054377880184331796
0 0.500625 0.10967741935483871 0.095 0.05529953917050691
0 0.690625 0.1175115207373272 0.0975 0.052534562211981564
0 0.686875 0.5870967741935483 0.0975 0.053456221198156684
0 0.883125 0.10967741935483871 0.09875 0.053456221198156684
0 0.88 0.5940092165898617 0.095 0.04884792626728111