0 0.5048019207683073 0.5701859628074385 0.2701080432172869 0.02459508098380324
0 0.8667466986794717 0.08038392321535692 0.12965186074429771 0.016796640671865627
0 0.49939975990396157 0.3428314337132573 0.0432172869147659 0.005398920215956808
0 0.4279711884753901 0.4400119976004799 0.04441776710684273 0.0065986802639472104
0 0.47599039615846334 0.44031193761247744 0.04441776710684273 0.005998800239952009
0 0.5252100840336134 0.4409118176364727 0.04441776710684273 0.007198560287942411
0 0.5732292917166867 0.44061187762447507 0.04201680672268907 0.005398920215956808
0 0.3607442977190876 0.538992201559688 0.04441776710684273 0.004199160167966407
0 0.4069627851140456 0.5386922615476905 0.04081632653061224 0.004799040191961607
0 0.4543817527010804 0.5386922615476905 0.04201680672268907 0.005998800239952009
0 0.5012004801920767 0.5383923215356928 0.04441776710684273 0.0065986802639472104
0 0.5510204081632653 0.5386922615476905 0.0432172869147659 0.004799040191961607
0 0.5936374549819927 0.5374925014997001 0.04201680672268907 0.005998800239952009
0 0.6422569027611044 0.5383923215356928 0.048019207683073224 0.0065986802639472104
0 0.3589435774309724 0.49580083983203355 0.009603841536614645 0.020995800839832032
0 0.40576230492196874 0.49490101979604073 0.009603841536614645 0.02159568086382723
0 0.42857142857142855 0.397120575884823 0.009603841536614645 0.02039592081583683
0 0.47659063625450176 0.397120575884823 0.007202881152460984 0.02039592081583683
0 0.5240096038415366 0.3968206358728254 0.010804321728691476 0.022195560887822433
0 0.5732292917166867 0.3968206358728254 0.008403361344537815 0.020995800839832032
0 0.4513805522208883 0.49490101979604073 0.009603841536614645 0.02159568086382723
0 0.49999999999999994 0.49460107978404316 0.010804321728691476 0.020995800839832032
0 0.5504201680672268 0.49490101979604073 0.010804321728691476 0.02039592081583683
0 0.5978391356542616 0.49520095980803835 0.009603841536614645 0.020995800839832032
0 0.6434573829531812 0.495500899820036 0.007202881152460984 0.02159568086382723
0 0.28811524609843936 0.5920815836832632 0.007202881152460984 0.02159568086382723
0 0.3361344537815126 0.5917816436712657 0.007202881152460984 0.022195560887822433
0 0.6704681872749099 0.5911817636472705 0.010804321728691476 0.022195560887822433
0 0.7202881152460984 0.5917816436712657 0.009603841536614645 0.020995800839832032
0 0.2869147659063625 0.6349730053989202 0.0432172869147659 0.005398920215956808
0 0.3349339735894358 0.6349730053989202 0.0432172869147659 0.0065986802639472104
0 0.38355342136854736 0.6352729454109177 0.04201680672268907 0.004799040191961607
0 0.43277310924369744 0.6352729454109177 0.03961584633853541 0.004799040191961607
0 0.47959183673469385 0.6349730053989202 0.04441776710684273 0.005398920215956808
0 0.5258103241296518 0.6352729454109177 0.0432172869147659 0.004799040191961607
0 0.5744297719087634 0.6355728854229153 0.04441776710684273 0.0065986802639472104
0 0.6236494597839135 0.6352729454109177 0.04201680672268907 0.004799040191961607
0 0.6704681872749099 0.6352729454109177 0.046818727490996394 0.005998800239952009
0 0.7190876350540215 0.6349730053989202 0.04561824729891956 0.005398920215956808
0 0.22148859543817526 0.688362327534493 0.008403361344537815 0.022195560887822433
0 0.2689075630252101 0.688362327534493 0.007202881152460984 0.020995800839832032
0 0.31632653061224486 0.6886622675464906 0.008403361344537815 0.02159568086382723
0 0.3649459783913565 0.688362327534493 0.009603841536614645 0.020995800839832032
0 0.41356542617046815 0.6889622075584882 0.008403361344537815 0.01979604079184163
0 0.46038415366146457 0.6886622675464906 0.010804321728691476 0.02039592081583683
0 0.5084033613445378 0.688362327534493 0.010804321728691476 0.01979604079184163
0 0.5570228091236494 0.6880623875224955 0.009603841536614645 0.022795440911817635
0 0.6026410564225689 0.6886622675464906 0.009603841536614645 0.02039592081583683
0 0.6500600240096038 0.688362327534493 0.008403361344537815 0.022195560887822433
0 0.6974789915966386 0.6892621475704859 0.009603841536614645 0.02039592081583683
0 0.7460984393757503 0.688362327534493 0.008403361344537815 0.020995800839832032
0 0.7929171668667466 0.6889622075584882 0.008403361344537815 0.020995800839832032
0 0.21968787515006 0.7318536292741451 0.04081632653061224 0.005998800239952009
0 0.2677070828331332 0.7318536292741451 0.04081632653061224 0.004799040191961607
0 0.3169267707082833 0.7315536892621475 0.04561824729891956 0.005398920215956808
0 0.3637454981992797 0.7321535692861427 0.04081632653061224 0.005398920215956808
0 0.41236494597839135 0.7315536892621475 0.04201680672268907 0.005398920215956808
0 0.46038415366146457 0.7318536292741451 0.04441776710684273 0.005998800239952009
0 0.5066026410564225 0.7318536292741451 0.0432172869147659 0.005998800239952009
0 0.5558223289315726 0.7321535692861427 0.0432172869147659 0.005398920215956808
0 0.648859543817527 0.7321535692861427 0.04201680672268907 0.005398920215956808
0 0.5996398559423769 0.7324535092981403 0.03961584633853541 0.005998800239952009
0 0.6974789915966386 0.7315536892621475 0.04561824729891956 0.005398920215956808
0 0.7460984393757503 0.7321535692861427 0.046818727490996394 0.005398920215956808
0 0.7917166866746698 0.7318536292741451 0.046818727490996394 0.004799040191961607