0 0.50275 0.255 0.0425 0.046
0 0.62225 0.25175000000000003 0.0395 0.043500000000000004
0 0.5055000000000001 0.385 0.038 0.046
0 0.3825 0.38925 0.044 0.0455
0 0.62525 0.3795 0.0375 0.043000000000000003
0 0.73825 0.37275 0.0345 0.0455
0 0.5982500000000001 0.57525 0.0545 0.0135
0 0.30925 0.6395000000000001 0.0305 0.048
0 0.3105 0.76325 0.027 0.0475
0 0.38625 0.77375 0.0425 0.043500000000000004
0 0.38675 0.646 0.0455 0.043000000000000003
0 0.38625 0.52 0.0485 0.043000000000000003
0 0.53525 0.644 0.0425 0.043000000000000003
0 0.5325 0.77075 0.042 0.0395
0 0.65325 0.76225 0.0395 0.0415
0 0.65375 0.63725 0.0385 0.0455
0 0.528 0.51475 0.045 0.0425
0 0.65025 0.50975 0.0415 0.0445
0 0.7445 0.49925 0.028 0.0445