0 0.19970703125 0.15294117647058825 0.197265625 0.2661764705882353
0 0.202392578125 0.32095588235294115 0.18994140625 0.05955882352941176
0 0.698486328125 0.31875 0.13232421875 0.06544117647058824
0 0.686279296875 0.22242647058823528 0.03857421875 0.07426470588235294
0 0.515869140625 0.4455882352941176 0.01806640625 0.045588235294117645
0 0.437255859375 0.4974264705882353 0.06201171875 0.07867647058823529
0 0.711181640625 0.5915441176470588 0.02685546875 0.03602941176470588
0 0.038330078125 0.54375 0.02490234375 0.030147058823529412
0 0.17236328125 0.5264705882352941 0.03515625 0.04264705882352941
0 0.200927734375 0.5643382352941176 0.01318359375 0.015441176470588236
0 0.538818359375 0.6205882352941177 0.01318359375 0.022058823529411763
0 0.615234375 0.5738970588235294 0.0146484375 0.027205882352941177
0 0.616943359375 0.580514705882353 0.01513671875 0.006617647058823529