0 0.5462765957446809 0.5692307692307692 0.026595744680851064 0.06153846153846154
0 0.573936170212766 0.5817307692307693 0.02446808510638298 0.05961538461538462
0 0.45372340425531915 0.5711538461538462 0.02021276595744681 0.057692307692307696
0 0.43031914893617024 0.5836538461538462 0.02021276595744681 0.05576923076923077
0 0.46170212765957447 0.7826923076923077 0.03404255319148936 0.1
0 0.5356382978723404 0.7846153846153847 0.039361702127659576 0.1
0 0.4074468085106383 0.7971153846153847 0.01702127659574468 0.04038461538461539
0 0.6101063829787234 0.801923076923077 0.015957446808510637 0.046153846153846156
0 0.527127659574468 0.6836538461538462 0.02446808510638298 0.05961538461538462
0 0.46861702127659577 0.6826923076923077 0.022340425531914895 0.06153846153846154
0 0.7845744680851064 0.889423076923077 0.013829787234042554 0.04038461538461539
0 0.6324468085106383 0.826923076923077 0.011702127659574468 0.026923076923076925