0 0.6631818181818182 0.760096930533118 0.17181818181818181 0.14378029079159937
0 0.5545454545454546 0.7084006462035541 0.02 0.030694668820678516
0 0.10181818181818182 0.7891760904684976 0.15454545454545454 0.06623586429725364
0 0.8763636363636363 0.6841680129240711 0.06 0.04361873990306947
0 0.8713636363636363 0.6381260096930533 0.03727272727272727 0.035541195476575124
0 0.7045454545454546 0.6639741518578353 0.16727272727272727 0.12924071082390953
0 0.3231818181818182 0.6494345718901454 0.06636363636363636 0.038772213247172865
0 0.9218181818181819 0.7213247172859452 0.034545454545454546 0.030694668820678516
0 0.20727272727272728 0.7431340872374799 0.05454545454545454 0.07431340872374799
0 0.36454545454545456 0.4466882067851373 0.01818181818181818 0.0210016155088853
0 0.40454545454545454 0.4765751211631664 0.016363636363636365 0.02261712439418417
0 0.4018181818181818 0.5355411954765752 0.016363636363636365 0.0210016155088853
0 0.4009090909090909 0.5977382875605817 0.01818181818181818 0.02261712439418417
0 0.35863636363636364 0.5678513731825525 0.019090909090909092 0.024232633279483037
0 0.36227272727272725 0.5040387722132472 0.017272727272727273 0.02261712439418417
0 0.4440909090909091 0.507269789983845 0.015454545454545455 0.02261712439418417
0 0.44363636363636366 0.5678513731825525 0.02 0.024232633279483037
0 0.44272727272727275 0.630048465266559 0.016363636363636365 0.02261712439418417
0 0.44636363636363635 0.4458804523424879 0.014545454545454545 0.02261712439418417
0 0.4859090909090909 0.5977382875605817 0.017272727272727273 0.02261712439418417
0 0.48545454545454547 0.6623586429725364 0.01818181818181818 0.02261712439418417
0 0.4859090909090909 0.537156704361874 0.017272727272727273 0.0210016155088853
0 0.4868181818181818 0.4765751211631664 0.017272727272727273 0.02261712439418417
0 0.5290909090909091 0.6316639741518578 0.02 0.025848142164781908
0 0.5295454545454545 0.5662358642972537 0.017272727272727273 0.02746365105008078
0 0.5281818181818182 0.5048465266558967 0.01818181818181818 0.024232633279483037
0 0.5277272727272727 0.4458804523424879 0.017272727272727273 0.025848142164781908
0 0.5722727272727273 0.598546042003231 0.019090909090909092 0.024232633279483037
0 0.5709090909090909 0.5355411954765752 0.016363636363636365 0.024232633279483037
0 0.57 0.47495961227786754 0.01818181818181818 0.02261712439418417
0 0.6127272727272727 0.5080775444264943 0.016363636363636365 0.024232633279483037
0 0.6122727272727273 0.4458804523424879 0.015454545454545455 0.025848142164781908
0 0.6568181818181819 0.5363489499192245 0.017272727272727273 0.025848142164781908
0 0.6531818181818182 0.4741518578352181 0.015454545454545455 0.0210016155088853
0 0.7 0.5654281098546042 0.01818181818181818 0.029079159935379646
0 0.6968181818181818 0.5048465266558967 0.017272727272727273 0.024232633279483037
0 0.6940909090909091 0.4458804523424879 0.015454545454545455 0.025848142164781908
0 0.7381818181818182 0.5339256865912763 0.016363636363636365 0.0210016155088853
0 0.7345454545454545 0.4733441033925687 0.016363636363636365 0.025848142164781908
0 0.7436363636363637 0.598546042003231 0.016363636363636365 0.024232633279483037
0 0.31636363636363635 0.5969305331179322 0.016363636363636365 0.02746365105008078
0 0.3190909090909091 0.5331179321486269 0.014545454545454545 0.025848142164781908
0 0.3236363636363636 0.47495961227786754 0.016363636363636365 0.02261712439418417