0 0.2925 0.105 0.185 0.05
0 0.6012500000000001 0.10625 0.1775 0.0475
0 0.2475 0.26375 0.065 0.0175
0 0.245 0.33875 0.065 0.0125
0 0.24375 0.4175 0.0575 0.015
0 0.2425 0.495 0.06 0.015
0 0.24125 0.5700000000000001 0.0625 0.015
0 0.24125 0.6475 0.0625 0.02
0 0.39125 0.26375 0.0525 0.0175
0 0.3925 0.3375 0.06 0.015
0 0.39125 0.41625 0.0575 0.0175
0 0.39125 0.49375 0.0625 0.0175
0 0.39 0.56875 0.055 0.0175
0 0.39125 0.64625 0.0575 0.0175
0 0.5525 0.26375 0.06 0.0175
0 0.55375 0.33875 0.0575 0.0175
0 0.5525 0.41500000000000004 0.06 0.015
0 0.55125 0.49375 0.0575 0.0175
0 0.55125 0.56875 0.0575 0.0175
0 0.55 0.6475 0.06 0.02
0 0.70125 0.2625 0.0575 0.015
0 0.7025 0.33875 0.06 0.0175
0 0.7025 0.41375 0.06 0.0175
0 0.70125 0.495 0.0525 0.02
0 0.70375 0.56875 0.0625 0.0175
0 0.7000000000000001 0.65 0.06 0.015