0 0.166875 0.5366666666666667 0.04125 0.06666666666666667
0 0.63125 0.07416666666666667 0.0675 0.04833333333333334
0 0.694375 0.065 0.02875 0.03666666666666667
0 0.7468750000000001 0.05916666666666667 0.01875 0.03833333333333334
0 0.9275 0.06666666666666667 0.055 0.07
0 0.859375 0.060000000000000005 0.043750000000000004 0.05333333333333334
0 0.860625 0.095 0.07125000000000001 0.016666666666666666
0 0.314375 0.0675 0.04625 0.058333333333333334
0 0.565625 0.060000000000000005 0.03375 0.043333333333333335
0 0.7975 0.05916666666666667 0.0375 0.045000000000000005
0 0.37625000000000003 0.06833333333333334 0.0425 0.060000000000000005