0 0.32625 0.3269088213491475 0.06 0.0385470719051149
0 0.1484375 0.48813936249073386 0.094375 0.03780578206078577
0 0.28375 0.7475908080059303 0.075 0.05856189770200148
0 0.5046875 0.5155670867309118 0.069375 0.05114899925871015
0 0.610625 0.6893995552260934 0.0925 0.072646404744255
0 0.600625 0.3220904373610081 0.06625 0.04521868050407709
0 0.8584375 0.6545589325426241 0.066875 0.050407709414381024
0 0.7821875 0.45292809488510005 0.061875 0.044477390659747956
0 0.660625 0.38954781319495924 0.051250000000000004 0.012601927353595256
0 0.8306250000000001 0.3732394366197183 0.06125 0.03039288361749444
0 0.8909375 0.08969607116382505 0.046875 0.029651593773165306