0 0.40390625 0.27640449438202247 0.2265625 0.13483146067415733
0 0.2984375 0.5404494382022472 0.15000000000000002 0.11910112359550563
0 0.1171875 0.6134831460674158 0.153125 0.14831460674157304
0 0.63828125 0.6617977528089888 0.1484375 0.14157303370786517
0 0.9015625 0.5112359550561798 0.19375 0.12808988764044946
0 0.6828125 0.47415730337078654 0.17500000000000002 0.16179775280898878
0 0.15625 0.42247191011235957 0.23125 0.10786516853932585
0 0.4765625 0.49775280898876406 0.16562500000000002 0.10112359550561799
0 0.67578125 0.28876404494382024 0.1546875 0.12808988764044946
0 0.8875000000000001 0.2651685393258427 0.22187500000000002 0.19325842696629214
0 0.45390625 0.7044943820224719 0.13593750000000002 0.05617977528089888