0 0.7453125 0.35398230088495575 0.096875 0.18289085545722714
0 0.62109375 0.22861356932153393 0.1015625 0.1976401179941003
0 0.8 0.12389380530973451 0.08750000000000001 0.11799410029498525
0 0.92578125 0.532448377581121 0.060937500000000006 0.09144542772861357
0 0.81015625 0.5973451327433629 0.06406250000000001 0.07374631268436578
0 0.2921875 0.29056047197640117 0.059375000000000004 0.10324483775811209
0 0.41953125 0.035398230088495575 0.0546875 0.07079646017699115
0 0.55625 0.045722713864306784 0.05625 0.09144542772861357
0 0.90625 0.08702064896755163 0.040625 0.05604719764011799
0 0.8359375 0.28171091445427726 0.037500000000000006 0.05014749262536873
0 0.9515625000000001 0.24188790560471976 0.034375 0.04129793510324484
0 0.7203125 0.15339233038348082 0.040625 0.0471976401179941