0 0.4822727272727273 0.06628242074927954 0.3572727272727273 0.1095100864553314
0 0.9781818181818182 0.569164265129683 0.03090909090909091 0.0547550432276657
0 0.9218181818181819 0.5410662824207493 0.02 0.021613832853025934
0 0.43227272727272725 0.4711815561959654 0.07727272727272727 0.0547550432276657
0 0.14545454545454545 0.6095100864553313 0.016363636363636365 0.02593659942363112
0 0.03681818181818182 0.5331412103746397 0.017272727272727273 0.023054755043227664
0 0.4709090909090909 0.6851585014409222 0.023636363636363636 0.02737752161383285
0 0.07227272727272727 0.537463976945245 0.01 0.023054755043227664
0 0.5963636363636363 0.5684438040345821 0.01090909090909091 0.018731988472622477
0 0.5504545454545454 0.5482708933717579 0.01 0.01585014409221902
0 0.4809090909090909 0.888328530259366 0.012727272727272728 0.010086455331412104
0 0.15636363636363637 0.6087896253602305 0.005454545454545455 0.024495677233429394
0 0.87 0.5425072046109509 0.012727272727272728 0.021613832853025934
0 0.48318181818181816 0.520893371757925 0.011818181818181818 0.01296829971181556
0 0.34136363636363637 0.5201729106628242 0.008181818181818182 0.011527377521613832
0 0.4163636363636364 0.520893371757925 0.016363636363636365 0.01585014409221902