0 0.6704064352243861 0.13984126984126985 0.16130397967823878 0.08222222222222222
0 0.6022438611346317 0.29603174603174603 0.1414055884843353 0.14444444444444443
0 0.7884208298052497 0.21444444444444444 0.05397967823878069 0.06888888888888889
0 0.7661939034716342 0.1438095238095238 0.03873835732430144 0.04825396825396826
0 0.7920194750211684 0.12349206349206349 0.015876375952582556 0.04507936507936508
0 0.6909398814563928 0.4607936507936508 0.05038103302286198 0.09301587301587301
0 0.6850127011007621 0.5433333333333333 0.09271803556308213 0.0853968253968254
0 0.5412785774767146 0.7273015873015873 0.057578323454699404 0.05904761904761905
0 0.3372142252328535 0.6611111111111111 0.03937341236240474 0.06888888888888889
0 0.27053344623200676 0.7047619047619048 0.03725656223539373 0.022857142857142857
0 0.33837849280270954 0.570952380952381 0.04720575783234547 0.018095238095238095
0 0.3321337849280271 0.5906349206349206 0.04995766299745978 0.02253968253968254
0 0.32493649449618967 0.6125396825396825 0.04826418289585097 0.021904761904761906
0 0.5752540220152413 0.4058730158730159 0.03196443691786621 0.040317460317460314
0 0.4775613886536833 0.41349206349206347 0.03937341236240474 0.0326984126984127
0 0.4754445385266723 0.403015873015873 0.02497883149872989 0.02253968253968254
0 0.4733276883996613 0.3950793650793651 0.01947502116850127 0.02