0 0.46240234375 0.462890625 0.3662109375 0.08203125
0 0.2666015625 0.06770833333333333 0.111328125 0.08072916666666666
0 0.146484375 0.416015625 0.07421875 0.061197916666666664
0 0.22802734375 0.43359375 0.0458984375 0.033854166666666664
0 0.49609375 0.06901041666666666 0.046875 0.0390625
0 0.2314453125 0.16796875 0.04296875 0.03125
0 0.693359375 0.03125 0.04296875 0.033854166666666664
0 0.79638671875 0.232421875 0.0712890625 0.053385416666666664
0 0.8271484375 0.16276041666666666 0.048828125 0.03645833333333333
0 0.67626953125 0.5787760416666666 0.0751953125 0.05598958333333333
0 0.76123046875 0.5631510416666666 0.0419921875 0.03515625
0 0.2646484375 0.7604166666666666 0.068359375 0.05208333333333333
0 0.296875 0.833984375 0.0546875 0.04296875
0 0.16357421875 0.9680989583333333 0.0439453125 0.03255208333333333
0 0.13232421875 0.26432291666666663 0.0986328125 0.20833333333333331
0 0.16357421875 0.76171875 0.1025390625 0.22135416666666666
0 0.49462890625 0.19270833333333331 0.1806640625 0.078125
0 0.830078125 0.3372395833333333 0.099609375 0.14583333333333331
0 0.7626953125 0.8313802083333333 0.04296875 0.03255208333333333
0 0.79345703125 0.9329427083333333 0.1005859375 0.07421875
0 0.48291015625 0.8502604166666666 0.1767578125 0.08854166666666666
0 0.22607421875 0.2630208333333333 0.0439453125 0.125
0 0.21728515625 0.6595052083333333 0.0986328125 0.05078125
0 0.77734375 0.3977864583333333 0.095703125 0.04817708333333333
0 0.447265625 0.7643229166666666 0.08203125 0.09375
0 0.75390625 0.7584635416666666 0.01953125 0.07421875
0 0.86083984375 0.7721354166666666 0.1025390625 0.1875
0 0.64697265625 0.6673177083333333 0.0185546875 0.061197916666666664
0 0.515625 0.6243489583333333 0.076171875 0.03255208333333333
0 0.3642578125 0.626953125 0.0390625 0.08203125
0 0.34765625 0.380859375 0.013671875 0.04036458333333333
0 0.54296875 0.267578125 0.072265625 0.10807291666666666
0 0.96728515625 0.53125 0.0634765625 0.06770833333333333