0 0.051500000000000004 0.05955882352941176 0.061 0.051470588235294115
0 0.061 0.2823529411764706 0.062 0.055882352941176466
0 0.193 0.027941176470588233 0.06 0.055882352941176466
0 0.198 0.24044117647058824 0.06 0.06323529411764706
0 0.336 0.08897058823529412 0.038 0.033823529411764704
0 0.3385 0.27352941176470585 0.041 0.029411764705882353
0 0.4575 0.14705882352941177 0.033 0.029411764705882353
0 0.4545 0.2786764705882353 0.035 0.04264705882352941
0 0.5235 0.26544117647058824 0.031 0.030882352941176472
0 0.5285 0.11176470588235293 0.031 0.044117647058823525
0 0.5835 0.11764705882352941 0.029 0.03529411764705882
0 0.5865 0.25441176470588234 0.029 0.03529411764705882
0 0.651 0.15661764705882353 0.024 0.033823529411764704
0 0.6435 0.26691176470588235 0.025 0.033823529411764704
0 0.6905 0.12426470588235294 0.023 0.027941176470588233
0 0.6885 0.2426470588235294 0.023 0.026470588235294117
0 0.6970000000000001 0.4323529411764706 0.022 0.020588235294117647
0 0.6920000000000001 0.5558823529411765 0.026000000000000002 0.026470588235294117
0 0.686 0.6705882352941176 0.026000000000000002 0.03529411764705882
0 0.643 0.6911764705882353 0.026000000000000002 0.03823529411764706
0 0.648 0.5602941176470588 0.026000000000000002 0.03823529411764706
0 0.5740000000000001 0.7029411764705882 0.03 0.041176470588235294
0 0.5205 0.7308823529411764 0.033 0.05
0 0.522 0.5441176470588235 0.034 0.047058823529411764
0 0.4465 0.6823529411764706 0.037 0.052941176470588235
0 0.442 0.8242647058823529 0.036000000000000004 0.057352941176470586
0 0.41450000000000004 0.4904411764705882 0.031 0.030882352941176472
0 0.7235 0.2801470588235294 0.017 0.022058823529411763
0 0.8415 0.3889705882352941 0.019 0.025
0 0.8015 0.5345588235294118 0.019 0.01911764705882353
0 0.787 0.6242647058823529 0.02 0.030882352941176472
0 0.7865 0.24926470588235294 0.019 0.025
0 0.789 0.1610294117647059 0.02 0.025
0 0.8305 0.13014705882352942 0.017 0.025
0 0.8225 0.23602941176470588 0.019 0.01911764705882353
0 0.34500000000000003 0.675 0.044 0.044117647058823525
0 0.34700000000000003 0.8492647058823529 0.044 0.04852941176470588
0 0.249 0.6588235294117647 0.05 0.06470588235294117
0 0.2615 0.8816176470588235 0.051000000000000004 0.06911764705882353
0 0.105 0.9522058823529411 0.07200000000000001 0.08970588235294118
0 0.10200000000000001 0.7154411764705882 0.074 0.08088235294117647