0 0.29296875 0.88125 0.09296875 0.1
0 0.1619140625 0.7091145833333333 0.170703125 0.13385416666666666
0 0.2255859375 0.4278645833333333 0.156640625 0.13489583333333333
0 0.05625 0.23932291666666666 0.08515625 0.1890625
0 0.48281250000000003 0.23020833333333332 0.1171875 0.296875
0 0.6042968750000001 0.45078124999999997 0.0671875 0.0890625
0 0.7605468750000001 0.2950520833333333 0.12421875 0.1265625
0 0.5419921875 0.022916666666666665 0.12617187500000002 0.04583333333333333
0 0.23671875 0.16614583333333333 0.0671875 0.10416666666666667
0 0.8548828125000001 0.8820312499999999 0.098046875 0.1265625
0 0.9417968750000001 0.44505208333333335 0.0390625 0.1203125