0 0.2041666666666667 0.24416666666666667 0.35500000000000004 0.14833333333333334
0 0.09583333333333334 0.04416666666666667 0.1716666666666667 0.058333333333333334
0 0.13083333333333333 0.028333333333333335 0.065 0.02
0 0.5108333333333334 0.42000000000000004 0.10166666666666667 0.24333333333333335
0 0.4866666666666667 0.35083333333333333 0.03666666666666667 0.09833333333333334
0 0.8516666666666667 0.5175000000000001 0.1366666666666667 0.06833333333333334
0 0.26166666666666666 0.5933333333333334 0.2066666666666667 0.08333333333333334
0 0.3216666666666667 0.5700000000000001 0.08333333333333334 0.02666666666666667
0 0.21500000000000002 0.7141666666666667 0.13 0.06166666666666667
0 0.555 0.6508333333333334 0.16333333333333333 0.07500000000000001
0 0.8733333333333334 0.9133333333333334 0.18666666666666668 0.05333333333333334
0 0.8500000000000001 0.37583333333333335 0.17 0.065
0 0.9033333333333334 0.35750000000000004 0.07 0.025