0 0.4978759558198811 0.059785385794583555 0.16482582837723025 0.1021972406745018
0 0.12999150382327954 0.23045477772100156 0.04248088360237893 0.02554931016862545
0 0.34282073067119795 0.20643842616249364 0.03313508920985556 0.01941747572815534
0 0.637213254035684 0.24450689831374556 0.0237892948173322 0.01584057230454778
0 0.8763806287170773 0.29509453244762396 0.03313508920985556 0.01992846193152785
0 0.07901444350042482 0.35411343893714875 0.020390824129141887 0.012263668880940215
0 0.07094307561597281 0.413643331630046 0.034834324553950725 0.022994379151762903
0 0.17587085811384878 0.508942258559019 0.045879354290569246 0.028615227388860503
0 0.0713678844519966 0.4672968829841595 0.016992353440951572 0.005620848237097599
0 0.4333050127442651 0.5135411343893715 0.05097706032285472 0.029637199795605522
0 0.5955819881053526 0.37608584568216663 0.0237892948173322 0.013285641287685234
0 0.6669498725573492 0.46474195196729695 0.0237892948173322 0.013796627491057744
0 0.7795242141036534 0.3796627491057742 0.028037383177570093 0.017373530914665307
0 0.7786745964316057 0.42462953500255496 0.03143585386576041 0.018395503321410323
0 0.8262531860662702 0.49897802759325505 0.029736618521665252 0.016862544711292796
0 0.324553950722175 0.7041389882473174 0.052676295666949875 0.03065917220235054
0 0.6401869158878505 0.6596831885539091 0.17926932880203908 0.1073071027082269
0 0.4031435853865761 0.8878385283597344 0.03653355989804588 0.011752682677567707
0 0.3780798640611725 0.9044455799693409 0.052676295666949875 0.007153806847215126
0 0.6652506372132541 0.9310168625447114 0.008496176720475786 0.007153806847215126