0 0.335 0.28325859491778776 0.182 0.03736920777279522
0 0.595 0.28400597907324365 0.186 0.03587443946188341
0 0.848 0.2877428998505232 0.184 0.03736920777279522
0 0.808 0.05829596412556054 0.164 0.03288490284005979
0 0.5760000000000001 0.05829596412556054 0.164 0.03587443946188341
0 0.333 0.3146487294469357 0.106 0.025411061285500747
0 0.59 0.31614349775784756 0.10400000000000001 0.028400597907324365
0 0.839 0.3213751868460389 0.106 0.026905829596412557
0 0.8150000000000001 0.5440956651718983 0.106 0.026905829596412557
0 0.793 0.7346786248131539 0.09 0.022421524663677132
0 0.10200000000000001 0.5381165919282511 0.076 0.02391629297458894
0 0.114 0.7369207772795217 0.06 0.02391629297458894
0 0.094 0.7115097159940209 0.096 0.029895366218236175
0 0.083 0.5089686098654709 0.122 0.03139013452914798
0 0.8 0.7085201793721974 0.164 0.029895366218236175
0 0.8240000000000001 0.5142002989536621 0.17200000000000001 0.029895366218236175
0 0.6980000000000001 0.9738415545590434 0.10400000000000001 0.04932735426008969
0 0.541 0.9805680119581465 0.098 0.03587443946188341