0 0.30062500000000003 0.1267605633802817 0.17625 0.08098591549295775
0 0.290625 0.24647887323943662 0.18125 0.09507042253521127
0 0.289375 0.3644366197183099 0.18625 0.09507042253521127
0 0.275625 0.5492957746478874 0.18375 0.10211267605633803
0 0.2725 0.7033450704225352 0.19 0.09330985915492958
0 0.27125 0.8714788732394366 0.2 0.1056338028169014
0 0.20625000000000002 0.08626760563380281 0.0375 0.017605633802816902
0 0.18875 0.1875 0.045 0.022887323943661973
0 0.183125 0.3107394366197183 0.04625 0.02640845070422535
0 0.15937500000000002 0.5026408450704225 0.04875 0.02640845070422535
0 0.150625 0.647887323943662 0.05625 0.028169014084507043
0 0.144375 0.8177816901408451 0.05375 0.03345070422535212
0 0.586875 0.07570422535211267 0.04625 0.024647887323943664
0 0.58125 0.19630281690140847 0.045 0.022887323943661973
0 0.589375 0.3107394366197183 0.04625 0.022887323943661973
0 0.5962500000000001 0.4744718309859155 0.05 0.02640845070422535
0 0.604375 0.6223591549295775 0.051250000000000004 0.02640845070422535
0 0.598125 0.7720070422535211 0.05625 0.029929577464788734
0 0.67875 0.12411971830985916 0.1675 0.06514084507042253
0 0.680625 0.24647887323943662 0.17375000000000002 0.07746478873239437
0 0.694375 0.3573943661971831 0.18375 0.09154929577464789
0 0.6900000000000001 0.5149647887323944 0.1475 0.08274647887323944
0 0.7056250000000001 0.664612676056338 0.15625 0.08274647887323944
0 0.701875 0.8221830985915494 0.16375 0.09154929577464789