0 0.2115 0.23950000000000002 0.061 0.023
0 0.195 0.6165 0.056 0.027
0 0.14250000000000002 0.6125 0.025 0.013000000000000001
0 0.307 0.5660000000000001 0.018000000000000002 0.014
0 0.34850000000000003 0.5710000000000001 0.047 0.024
0 0.3655 0.628 0.053 0.022
0 0.169 0.557 0.036000000000000004 0.02
0 0.221 0.558 0.038 0.016
0 0.2565 0.549 0.025 0.012
0 0.3265 0.5175 0.031 0.017
0 0.369 0.5175 0.03 0.015
0 0.401 0.5075000000000001 0.028 0.015
0 0.424 0.4975 0.016 0.013000000000000001
0 0.588 0.598 0.046 0.026000000000000002
0 0.7635000000000001 0.585 0.039 0.022
0 0.8170000000000001 0.6395000000000001 0.05 0.023
0 0.6445 0.2255 0.059000000000000004 0.023
0 0.138 0.561 0.016 0.008
0 0.3035 0.521 0.009000000000000001 0.006
0 0.1285 0.5685 0.011 0.007
0 0.2955 0.526 0.009000000000000001 0.006