0 0.10842105263157895 0.4429012345679012 0.09052631578947368 0.05246913580246913
0 0.2463157894736842 0.4429012345679012 0.12210526315789473 0.2067901234567901
0 0.41578947368421054 0.3935185185185185 0.17473684210526316 0.13271604938271603
0 0.1463157894736842 0.3040123456790123 0.04842105263157895 0.08333333333333333
0 0.34210526315789475 0.33796296296296297 0.04421052631578947 0.08333333333333333
0 0.5284210526315789 0.32098765432098764 0.029473684210526315 0.04938271604938271
0 0.5768421052631579 0.6003086419753086 0.05052631578947368 0.027777777777777776
0 0.7273684210526316 0.4737654320987654 0.04421052631578947 0.027777777777777776
0 0.6 0.38425925925925924 0.13473684210526315 0.13271604938271603
0 0.7431578947368421 0.3256172839506173 0.042105263157894736 0.021604938271604937
0 0.6915789473684211 0.30092592592592593 0.07789473684210527 0.033950617283950615
0 0.8810526315789473 0.6404320987654321 0.14105263157894737 0.13271604938271603
0 0.7252631578947368 0.5200617283950617 0.15789473684210525 0.11419753086419752
0 0.5010526315789473 0.529320987654321 0.06736842105263158 0.046296296296296294
0 0.6768421052631579 0.43827160493827155 0.09052631578947368 0.043209876543209874