0 0.2175 0.32673267326732675 0.13 0.0858085808580858
0 0.055 0.3448844884488449 0.11 0.08250825082508251
0 0.39375 0.32343234323432346 0.1225 0.0858085808580858
0 0.2175 0.12706270627062707 0.055 0.036303630363036306
0 0.355 0.132013201320132 0.05 0.04620462046204621
0 0.50875 0.11386138613861387 0.0525 0.036303630363036306
0 0.33875 0.06765676567656766 0.0475 0.036303630363036306
0 0.51375 0.06930693069306931 0.0525 0.039603960396039604
0 0.55375 0.3415841584158416 0.1225 0.0891089108910891
0 0.7275 0.2887788778877888 0.12 0.0891089108910891
0 0.89375 0.2986798679867987 0.1225 0.09570957095709572
0 0.1225 0.5643564356435644 0.09 0.052805280528052806
0 0.26 0.566006600660066 0.095 0.056105610561056105
0 0.39625 0.566006600660066 0.0925 0.0627062706270627
0 0.5375 0.5643564356435644 0.09 0.0594059405940594
0 0.67375 0.5643564356435644 0.0925 0.0594059405940594
0 0.81 0.5643564356435644 0.095 0.0594059405940594
0 0.9425 0.5693069306930694 0.095 0.056105610561056105
0 0.1325 0.7178217821782178 0.09 0.06930693069306931
0 0.26625 0.7293729372937294 0.0975 0.07260726072607261
0 0.38375000000000004 0.7475247524752475 0.0975 0.07590759075907591
0 0.525 0.7607260726072608 0.095 0.0627062706270627
0 0.6675 0.7442244224422442 0.1 0.06930693069306931
0 0.78625 0.7145214521452146 0.0975 0.0627062706270627
0 0.9325 0.7128712871287128 0.09 0.07260726072607261
0 0.0525 0.8762376237623762 0.075 0.0429042904290429
0 0.16 0.8828382838283828 0.07 0.036303630363036306
0 0.26625 0.8844884488448845 0.0725 0.033003300330033
0 0.3725 0.8828382838283828 0.075 0.036303630363036306
0 0.48125 0.8861386138613861 0.0725 0.0297029702970297
0 0.59 0.8877887788778878 0.07 0.033003300330033
0 0.69875 0.8828382838283828 0.0775 0.0429042904290429
0 0.8025 0.8861386138613861 0.075 0.036303630363036306
0 0.9075 0.8811881188118812 0.08 0.033003300330033