0 0.38125000000000003 0.07253886010362694 0.2225 0.08290155440414507
0 0.3825 0.010362694300518133 0.0625 0.020725388601036267
0 0.28250000000000003 0.309153713298791 0.0925 0.06217616580310881
0 0.61875 0.37305699481865284 0.0675 0.037996545768566495
0 0.296875 0.4913644214162349 0.07125000000000001 0.04317789291882556
0 0.155 0.4559585492227979 0.08 0.06217616580310881
0 0.441875 0.8730569948186528 0.36125 0.17443868739205526
0 0.415625 0.47236614853195164 0.03875 0.025906735751295335
0 0.4675 0.584628670120898 0.14250000000000002 0.20207253886010362
0 0.8406250000000001 0.5008635578583764 0.21125 0.08981001727115716
0 0.895625 0.8471502590673575 0.07375 0.06044905008635578
0 0.030625 0.7659758203799655 0.06125 0.07081174438687392