0 0.4717514124293785 0.57578125 0.047619047619047616 0.046875
0 0.30710250201775624 0.2171875 0.04277643260694108 0.1265625
0 0.6460855528652139 0.10234375000000001 0.05569007263922518 0.171875
0 0.5367231638418078 0.5765625 0.04519774011299435 0.046875
0 0.3700564971751412 0.106640625 0.05730427764326069 0.17734375000000002
0 0.7046004842615012 0.20664062500000002 0.041969330104923326 0.13359375
0 0.07223567393058918 0.737890625 0.020177562550443905 0.014843750000000001
0 0.07263922518159806 0.7566406250000001 0.01937046004842615 0.013281250000000001
0 0.03672316384180791 0.77890625 0.013720742534301856 0.0140625
0 0.05004035512510088 0.76875 0.0129136400322841 0.0078125
0 0.9390637610976593 0.7328125000000001 0.020177562550443905 0.0140625
0 0.9394673123486682 0.7507812500000001 0.01937046004842615 0.0125