0 0.036000000000000004 0.084 0.056 0.056
0 0.127 0.085 0.114 0.042
0 0.098 0.252 0.116 0.08
0 0.096 0.422 0.18 0.06
0 0.097 0.589 0.122 0.098
0 0.601 0.374 0.078 0.036000000000000004
0 0.843 0.396 0.098 0.04
0 0.47300000000000003 0.278 0.106 0.036000000000000004
0 0.734 0.277 0.132 0.038
0 0.313 0.264 0.11 0.088
0 0.582 0.63 0.116 0.064
0 0.397 0.359 0.074 0.026000000000000002
0 0.648 0.129 0.08 0.062
0 0.862 0.13 0.112 0.06
0 0.425 0.136 0.078 0.048
0 0.606 0.20500000000000002 0.076 0.054
0 0.445 0.638 0.046 0.048
0 0.095 0.764 0.082 0.092
0 0.28600000000000003 0.785 0.044 0.05
0 0.372 0.747 0.044 0.05
0 0.47100000000000003 0.739 0.026000000000000002 0.034
0 0.646 0.771 0.044 0.05
0 0.744 0.754 0.036000000000000004 0.044
0 0.935 0.78 0.07 0.08
0 0.91 0.646 0.04 0.036000000000000004
0 0.895 0.197 0.09 0.038
0 0.763 0.588 0.134 0.044