0 0.7619230769230769 0.3425751879699248 0.07461538461538461 0.02725563909774436
0 0.2296153846153846 0.4826127819548872 0.04230769230769231 0.03853383458646616
0 0.1123076923076923 0.7124060150375939 0.06461538461538462 0.05075187969924812
0 0.49538461538461537 0.7359022556390977 0.09692307692307692 0.02631578947368421
0 0.5919230769230769 0.5488721804511278 0.05307692307692308 0.03759398496240601
0 0.41 0.5789473684210527 0.02923076923076923 0.10338345864661654
0 0.4338461538461538 0.5103383458646616 0.06923076923076923 0.018796992481203006
0 0.33 0.7819548872180451 0.04 0.011278195488721804
0 0.681923076923077 0.7758458646616541 0.1423076923076923 0.10808270676691728
0 0.7096153846153846 0.7147556390977443 0.16230769230769232 0.07800751879699247
0 0.8115384615384615 0.8284774436090225 0.046153846153846156 0.046052631578947366
0 0.16 0.28289473684210525 0.05384615384615385 0.016917293233082706
0 0.42115384615384616 0.45535714285714285 0.06692307692307692 0.015977443609022556