0 0.15166666666666667 0.0675 0.09000000000000001 0.075
0 0.3166666666666667 0.09 0.08 0.08
0 0.48333333333333334 0.2325 0.07333333333333333 0.065
0 0.65 0.1125 0.07333333333333333 0.075
0 0.8016666666666667 0.0675 0.07666666666666667 0.075
0 0.935 0.2675 0.07666666666666667 0.085
0 0.03666666666666667 0.305 0.07333333333333333 0.11
0 0.16666666666666669 0.8225 0.15333333333333335 0.145
0 0.22833333333333336 0.5875 0.08333333333333334 0.095
0 0.34500000000000003 0.6025 0.14333333333333334 0.085
0 0.5066666666666667 0.71 0.15333333333333335 0.1
0 0.65 0.5925 0.14666666666666667 0.095
0 0.775 0.55 0.09666666666666668 0.08
0 0.8566666666666667 0.7725 0.16 0.125