0 0.29157894736842105 0.33166666666666667 0.016842105263157894 0.11666666666666667
0 0.4010526315789474 0.28583333333333333 0.016842105263157894 0.155
0 0.49684210526315786 0.24916666666666668 0.021052631578947368 0.17833333333333334
0 0.6436842105263157 0.305 0.017894736842105262 0.14
0 0.3778947368421052 0.53 0.042105263157894736 0.06666666666666667
0 0.46473684210526317 0.5375000000000001 0.049473684210526316 0.085
0 0.62 0.5258333333333334 0.042105263157894736 0.06166666666666667
0 0.26631578947368423 0.5183333333333333 0.027368421052631577 0.05666666666666667
0 0.29105263157894734 0.5816666666666667 0.07473684210526316 0.03333333333333333
0 0.3894736842105263 0.6125 0.07789473684210527 0.03833333333333334
0 0.49684210526315786 0.6366666666666667 0.12 0.04666666666666667
0 0.6452631578947369 0.5983333333333334 0.09052631578947368 0.03666666666666667