0 0.7312500000000001 0.5408333333333334 0.05 0.065
0 0.425 0.06833333333333334 0.0475 0.06333333333333334
0 0.48812500000000003 0.07 0.04125 0.06666666666666667
0 0.6125 0.05916666666666667 0.0325 0.04166666666666667
0 0.6775 0.07 0.0675 0.04
0 0.73875 0.06333333333333334 0.03 0.03333333333333333
0 0.790625 0.05916666666666667 0.03625 0.045000000000000005
0 0.854375 0.05916666666666667 0.04625 0.04833333333333334
0 0.854375 0.095 0.07125000000000001 0.02
0 0.93125 0.09333333333333334 0.0775 0.02
0 0.93 0.0575 0.035 0.04833333333333334