0 0.5078125 0.12222222222222222 0.035625000000000004 0.026666666666666665
0 0.081875 0.24833333333333332 0.02 0.014444444444444444
0 0.1728125 0.18388888888888888 0.021875000000000002 0.016666666666666666
0 0.1353125 0.115 0.020625 0.016666666666666666
0 0.25375000000000003 0.2338888888888889 0.015 0.012222222222222223
0 0.2578125 0.17 0.020625 0.011111111111111112
0 0.0721875 0.4527777777777778 0.021875000000000002 0.016666666666666666
0 0.123125 0.4766666666666667 0.02 0.015555555555555555
0 0.18 0.42333333333333334 0.01875 0.013333333333333332
0 0.1184375 0.4272222222222222 0.019375 0.016666666666666666
0 0.0325 0.5355555555555556 0.02 0.017777777777777778
0 0.07843750000000001 0.5561111111111111 0.019375 0.014444444444444444
0 0.0759375 0.675 0.023125 0.014444444444444444
0 0.19843750000000002 0.665 0.025625000000000002 0.01888888888888889
0 0.24125 0.5805555555555556 0.02375 0.014444444444444444
0 0.19375 0.6172222222222222 0.0175 0.014444444444444444
0 0.2246875 0.5383333333333333 0.015625 0.016666666666666666
0 0.3025 0.4033333333333333 0.02125 0.011111111111111112
0 0.369375 0.40166666666666667 0.02 0.012222222222222223
0 0.37625000000000003 0.4872222222222222 0.0275 0.014444444444444444
0 0.2990625 0.48333333333333334 0.023125 0.011111111111111112
0 0.2884375 0.5594444444444444 0.023125 0.014444444444444444
0 0.371875 0.5672222222222222 0.02375 0.016666666666666666
0 0.279375 0.6661111111111111 0.02625 0.014444444444444444
0 0.3571875 0.6827777777777778 0.026875 0.016666666666666666
0 0.468125 0.45055555555555554 0.02625 0.014444444444444444
0 0.45625 0.5305555555555556 0.02375 0.01888888888888889
0 0.46375 0.5822222222222222 0.025 0.013333333333333332
0 0.439375 0.685 0.03 0.016666666666666666
0 0.5484375 0.48333333333333334 0.029375000000000002 0.015555555555555555
0 0.5428125 0.5666666666666667 0.024375 0.015555555555555555
0 0.52875 0.7027777777777777 0.02875 0.01888888888888889
0 0.64375 0.4305555555555556 0.02375 0.012222222222222223
0 0.6365625 0.5122222222222222 0.030625 0.015555555555555555
0 0.6171875 0.6327777777777778 0.034375 0.021111111111111112
0 0.6096875 0.7311111111111112 0.029375000000000002 0.02
0 0.63125 0.6033333333333334 0.02875 0.013333333333333332
0 0.720625 0.43722222222222223 0.025 0.012222222222222223
0 0.71875 0.5294444444444445 0.03125 0.014444444444444444
0 0.7156250000000001 0.6305555555555555 0.0325 0.021111111111111112
0 0.7090625 0.7433333333333333 0.036875 0.026666666666666665
0 0.803125 0.4338888888888889 0.02625 0.014444444444444444
0 0.8090625 0.5266666666666666 0.031875 0.015555555555555555
0 0.8078125 0.6316666666666667 0.035625000000000004 0.023333333333333334
0 0.8034375 0.7822222222222223 0.038125 0.024444444444444446
0 0.9575 0.5011111111111111 0.03375 0.017777777777777778
0 0.9665625 0.595 0.035625000000000004 0.021111111111111112
0 0.7065625 0.2427777777777778 0.050625 0.034444444444444444
0 0.7059375 0.09666666666666666 0.054375 0.035555555555555556
0 0.8659375 0.17277777777777778 0.025625000000000002 0.01888888888888889
0 0.8618750000000001 0.25055555555555553 0.0425 0.025555555555555557
0 0.9812500000000001 0.24666666666666667 0.035 0.022222222222222223
0 0.5140625 0.2672222222222222 0.036875 0.027777777777777776
0 0.9684375000000001 0.8588888888888889 0.033125 0.024444444444444446