0 0.6311349693251533 0.5816666666666667 0.5015337423312883 0.26666666666666666
0 0.12730061349693253 0.5675 0.13190184049079756 0.18166666666666667
0 0.16794478527607362 0.14083333333333334 0.05061349693251534 0.018333333333333333
0 0.32285276073619634 0.11750000000000001 0.05368098159509203 0.021666666666666667
0 0.4624233128834356 0.09916666666666667 0.05061349693251534 0.018333333333333333
0 0.5996932515337423 0.07833333333333334 0.049079754601226995 0.016666666666666666
0 0.696319018404908 0.11750000000000001 0.052147239263803685 0.015000000000000001
0 0.5575153374233129 0.14 0.04754601226993865 0.016666666666666666
0 0.4087423312883436 0.15916666666666668 0.05368098159509203 0.018333333333333333
0 0.25076687116564417 0.18250000000000002 0.05674846625766871 0.021666666666666667
0 0.6165644171779141 0.1525 0.024539877300613498 0.03166666666666667
0 0.321319018404908 0.19 0.07822085889570553 0.043333333333333335
0 0.47929447852760737 0.17500000000000002 0.023006134969325152 0.02666666666666667