0 0.23750000000000002 0.4623059866962306 0.095 0.12638580931263857
0 0.48250000000000004 0.37915742793791574 0.11166666666666668 0.06208425720620843
0 0.7616666666666667 0.47117516629711753 0.03666666666666667 0.13968957871396895
0 0.44833333333333336 0.2106430155210643 0.08666666666666667 0.09312638580931264
0 0.11416666666666668 0.31596452328159647 0.10500000000000001 0.1662971175166297
0 0.29333333333333333 0.6596452328159645 0.09333333333333334 0.1973392461197339
0 0.265 0.7283813747228381 0.08 0.1130820399113082
0 0.7458333333333333 0.8159645232815964 0.08166666666666667 0.07982261640798226
0 0.7816666666666667 0.31929046563192903 0.11 0.06208425720620843
0 0.18500000000000003 0.753880266075388 0.08 0.057649667405764965
0 0.9500000000000001 0.8614190687361419 0.08666666666666667 0.09977827050997783
0 0.0425 0.29933481152993346 0.08166666666666667 0.07982261640798226
0 0.37833333333333335 0.1762749445676275 0.060000000000000005 0.09090909090909091
0 0.8791666666666668 0.48226164079822614 0.05166666666666667 0.0598669623059867