0 0.07747933884297521 0.1813031161473088 0.07231404958677687 0.0623229461756374
0 0.29338842975206614 0.20254957507082155 0.028925619834710745 0.0368271954674221
0 0.6043388429752067 0.19971671388101983 0.04338842975206612 0.06515580736543909
0 0.8605371900826446 0.2067988668555241 0.10537190082644629 0.0453257790368272
0 0.34710743801652894 0.3243626062322946 0.11983471074380166 0.0368271954674221
0 0.6074380165289256 0.31869688385269124 0.06198347107438017 0.059490084985835696
0 0.3450413223140496 0.39660056657223797 0.09504132231404959 0.028328611898016998
0 0.3512396694214876 0.47450424929178475 0.09504132231404959 0.042492917847025496
0 0.6033057851239669 0.3937677053824363 0.09917355371900827 0.039660056657223795
0 0.8708677685950413 0.31586402266288954 0.09710743801652894 0.0368271954674221
0 0.8698347107438017 0.6005665722379604 0.09917355371900827 0.028328611898016998
0 0.8698347107438017 0.5028328611898017 0.09917355371900827 0.0311614730878187
0 0.6033057851239669 0.556657223796034 0.06611570247933884 0.0368271954674221
0 0.6033057851239669 0.6288951841359773 0.09504132231404959 0.028328611898016998
0 0.6012396694214877 0.7011331444759207 0.10330578512396695 0.0368271954674221
0 0.34710743801652894 0.6175637393767706 0.09504132231404959 0.039660056657223795
0 0.34607438016528924 0.6954674220963173 0.09297520661157024 0.0481586402266289
0 0.3440082644628099 0.5509915014164306 0.07231404958677687 0.053824362606232294
0 0.8677685950413223 0.4135977337110482 0.08264462809917356 0.0453257790368272
0 0.34710743801652894 0.8512747875354109 0.12396694214876033 0.0254957507082153