0 0.35225 0.4995555555555556 0.1255 0.08355555555555556
0 0.622 0.5155555555555555 0.123 0.08711111111111111
0 0.6315000000000001 0.6804444444444445 0.122 0.036444444444444446
0 0.34775 0.6551111111111111 0.1155 0.04977777777777778
0 0.34725 0.6008888888888889 0.0985 0.05511111111111111
0 0.62375 0.6177777777777778 0.1065 0.05866666666666667
0 0.7355 0.8728888888888889 0.021 0.16355555555555557
0 0.2325 0.8684444444444445 0.047 0.17244444444444446
0 0.6745 0.3248888888888889 0.053 0.04177777777777778
0 0.431 0.3426666666666667 0.047 0.04888888888888889
0 0.67425 0.30133333333333334 0.0495 0.04088888888888889
0 0.4325 0.32622222222222225 0.041 0.04088888888888889
0 0.3575 0.4271111111111111 0.129 0.0968888888888889
0 0.61375 0.436 0.1285 0.0968888888888889
0 0.55525 0.3964444444444445 0.0485 0.032
0 0.304 0.328 0.052000000000000005 0.032
0 0.55125 0.3671111111111111 0.0465 0.028444444444444446
0 0.3 0.29733333333333334 0.05 0.034666666666666665
0 0.3415 0.2862222222222222 0.042 0.064
0 0.39275 0.30622222222222223 0.0385 0.04711111111111111
0 0.589 0.32222222222222224 0.031 0.04888888888888889
0 0.63075 0.2986666666666667 0.0405 0.08
0 0.596 0.05644444444444445 0.046 0.034666666666666665
0 0.596 0.07777777777777778 0.048 0.029333333333333336
0 0.90075 0.4746666666666667 0.025500000000000002 0.112
0 0.739 0.45866666666666667 0.07200000000000001 0.035555555555555556
0 0.74425 0.4337777777777778 0.0675 0.04266666666666667
0 0.7535000000000001 0.7448888888888889 0.069 0.05688888888888889
0 0.34325 0.05733333333333333 0.0225 0.027555555555555555
0 0.35050000000000003 0.06266666666666668 0.025 0.027555555555555555