0 0.193 0.2945906432748538 0.034 0.14473684210526316
0 0.427 0.22076023391812866 0.042 0.17543859649122806
0 0.649 0.3201754385964912 0.038 0.12573099415204678
0 0.8300000000000001 0.36330409356725146 0.032 0.10964912280701754
0 0.192 0.5950292397660818 0.184 0.03216374269005848
0 0.429 0.5891812865497076 0.23 0.038011695906432746
0 0.651 0.5957602339181286 0.17400000000000002 0.027777777777777776
0 0.8280000000000001 0.5950292397660818 0.148 0.023391812865497075
0 0.146 0.5277777777777778 0.076 0.05847953216374269
0 0.366 0.5080409356725146 0.092 0.07163742690058479
0 0.793 0.5438596491228069 0.054 0.04678362573099415
0 0.604 0.5358187134502924 0.07200000000000001 0.059941520467836254