0 0.49870000000000003 0.3325537885874649 0.0318 0.047708138447146865
0 0.45890000000000003 0.333489242282507 0.033800000000000004 0.04708450265045214
0 0.17320000000000002 0.16744621141253507 0.020800000000000003 0.02556906766448394
0 0.1526 0.16869348300592454 0.0204 0.029310882444652322
0 0.137 0.01216089803554724 0.0204 0.02432179607109448
0 0.1342 0.03788587464920486 0.0212 0.025880885562831305
0 0.1018 0.39133146242594324 0.02 0.0330526972248207
0 0.0792 0.39101964452759586 0.02 0.02868724664795759
0 0.0946 0.6523230433426879 0.0212 0.038041783598378544
0 0.3552 0.5357031493607732 0.020800000000000003 0.031805425631431246
0 0.3834 0.5381976925475522 0.0224 0.031805425631431246
0 0.5744 0.5394449641409417 0.0216 0.031181789834736514
0 0.6012000000000001 0.5403804178359838 0.0188 0.0330526972248207
0 0.8528 0.6239476145930776 0.024 0.037418147801683815
0 0.872 0.3701278453383224 0.020800000000000003 0.032429061428125974
0 0.8504 0.36856875584658555 0.020800000000000003 0.030558154038041782
0 0.7864 0.1771125662613034 0.022000000000000002 0.029934518241347054
0 0.808 0.17820392890551917 0.0204 0.026504521359526037
0 0.8236 0.0232304334268787 0.0188 0.024633613969441845
0 0.8268000000000001 0.050514499532273154 0.018000000000000002 0.02245088868101029