0 0.7333333333333334 0.31777777777777777 0.08666666666666667 0.09333333333333334
0 0.7350000000000001 0.5922222222222222 0.06333333333333334 0.14888888888888888
0 0.9741666666666667 0.6233333333333333 0.04833333333333334 0.20222222222222222
0 0.65 0.8866666666666667 0.09333333333333334 0.12444444444444444
0 0.5025000000000001 0.8288888888888889 0.065 0.08888888888888889
0 0.3891666666666667 0.79 0.05166666666666667 0.07333333333333333
0 0.525 0.5711111111111111 0.06666666666666667 0.08444444444444445
0 0.4033333333333334 0.5622222222222222 0.05 0.06666666666666667
0 0.6375000000000001 0.3322222222222222 0.058333333333333334 0.05555555555555555
0 0.63 0.10444444444444445 0.060000000000000005 0.05333333333333333
0 0.43833333333333335 0.18222222222222223 0.04666666666666667 0.05333333333333333
0 0.8150000000000001 0.052222222222222225 0.05333333333333334 0.10444444444444445
0 0.33 0.5544444444444444 0.04 0.051111111111111114
0 0.31583333333333335 0.7444444444444445 0.03833333333333334 0.057777777777777775