0 0.11846153846153847 0.07384615384615384 0.07692307692307693 0.041025641025641026
0 0.22346153846153846 0.13230769230769232 0.06076923076923077 0.03692307692307692
0 0.37346153846153846 0.013333333333333332 0.03307692307692308 0.026666666666666665
0 0.551923076923077 0.2123076923076923 0.03769230769230769 0.022564102564102566
0 0.6376923076923077 0.22256410256410256 0.03230769230769231 0.020512820512820513
0 0.6973076923076923 0.2271794871794872 0.03 0.021538461538461538
0 0.7953846153846154 0.24820512820512822 0.02923076923076923 0.01846153846153846
0 0.10730769230769231 0.5492307692307692 0.07615384615384616 0.031794871794871796
0 0.23 0.5015384615384615 0.06307692307692307 0.026666666666666665
0 0.27692307692307694 0.3507692307692308 0.043076923076923075 0.020512820512820513
0 0.43615384615384617 0.48205128205128206 0.03538461538461538 0.01641025641025641
0 0.5446153846153846 0.4969230769230769 0.03692307692307692 0.019487179487179488
0 0.4980769230769231 0.49230769230769234 0.023846153846153847 0.01846153846153846
0 0.63 0.48615384615384616 0.03538461538461538 0.020512820512820513
0 0.695 0.5076923076923077 0.03 0.01846153846153846
0 0.7892307692307692 0.47384615384615386 0.02923076923076923 0.014358974358974359
0 0.09923076923076923 0.9579487179487179 0.052307692307692305 0.03076923076923077
0 0.16923076923076924 0.9307692307692308 0.04153846153846154 0.029743589743589743
0 0.2230769230769231 0.8928205128205128 0.05692307692307692 0.031794871794871796
0 0.2826923076923077 0.8687179487179487 0.04692307692307692 0.03076923076923077
0 0.3423076923076923 0.8451282051282051 0.04 0.028717948717948718
0 0.38461538461538464 0.8312820512820512 0.04461538461538461 0.029743589743589743
0 0.45576923076923076 0.7984615384615384 0.03461538461538462 0.02358974358974359
0 0.5157692307692308 0.7923076923076923 0.03 0.02358974358974359
0 0.5488461538461539 0.7794871794871795 0.025384615384615384 0.020512820512820513
0 0.588076923076923 0.7553846153846154 0.02846153846153846 0.015384615384615385
0 0.6484615384615384 0.7528205128205128 0.023076923076923078 0.01641025641025641
0 0.6765384615384615 0.7435897435897436 0.025384615384615384 0.01641025641025641
0 0.8076923076923077 0.7 0.02 0.013333333333333332
0 0.7576923076923077 0.7220512820512821 0.02 0.014358974358974359
0 0.41307692307692306 0.9179487179487179 0.010769230769230769 0.06153846153846154
0 0.7103846153846154 0.7625641025641026 0.01769230769230769 0.015384615384615385
0 0.7376923076923076 0.7733333333333333 0.015384615384615385 0.014358974358974359
0 0.8396153846153847 0.6948717948717948 0.01769230769230769 0.011282051282051283
0 0.8607692307692307 0.6871794871794872 0.021538461538461538 0.010256410256410256
0 0.7803846153846153 0.7153846153846154 0.01769230769230769 0.011282051282051283
0 0.7588461538461538 0.258974358974359 0.014615384615384615 0.013333333333333332
0 0.28807692307692306 0.006153846153846154 0.04384615384615385 0.012307692307692308