0 0.6574427480916031 0.16610169491525423 0.17748091603053434 0.29152542372881357
0 0.7146946564885496 0.46440677966101696 0.08969465648854962 0.07457627118644068
0 0.558206106870229 0.6576271186440678 0.04007633587786259 0.06779661016949153
0 0.20419847328244273 0.03559322033898305 0.05343511450381679 0.0711864406779661
0 0.291030534351145 0.23220338983050848 0.047709923664122134 0.0983050847457627
0 0.19370229007633588 0.34915254237288135 0.059160305343511445 0.2305084745762712
0 0.32729007633587787 0.5271186440677966 0.055343511450381674 0.12542372881355932
0 0.1564885496183206 0.9203389830508474 0.03435114503816794 0.15254237288135591
0 0.26049618320610685 0.44576271186440675 0.04389312977099236 0.13220338983050847
0 0.20229007633587787 0.8983050847457626 0.022900763358778626 0.12203389830508474
0 0.6087786259541984 0.6135593220338983 0.019083969465648856 0.04745762711864407
0 0.6173664122137404 0.7661016949152543 0.04389312977099236 0.09491525423728814
0 0.5314885496183206 0.6135593220338983 0.02099236641221374 0.03389830508474576
0 0.7442748091603053 0.6 0.026717557251908396 0.04745762711864407
0 0.7767175572519084 0.47966101694915253 0.026717557251908396 0.0711864406779661