0 0.16818181818181818 0.1934065934065934 0.23636363636363636 0.13186813186813187
0 0.17803030303030304 0.31758241758241756 0.2287878787878788 0.0989010989010989
0 0.1787878787878788 0.44175824175824174 0.23030303030303031 0.08351648351648351
0 0.17196969696969697 0.567032967032967 0.2287878787878788 0.07032967032967033
0 0.16893939393939394 0.6868131868131868 0.2318181818181818 0.0989010989010989
0 0.1893939393939394 0.7956043956043956 0.21515151515151515 0.12747252747252746
0 0.4553030303030303 0.6747252747252748 0.09242424242424242 0.06153846153846154
0 0.4340909090909091 0.6 0.07424242424242425 0.04395604395604395
0 0.4962121212121212 0.16703296703296702 0.10151515151515152 0.10989010989010989
0 0.49696969696969695 0.07802197802197802 0.10303030303030303 0.12967032967032968
0 0.4409090909090909 0.8516483516483516 0.10606060606060606 0.09010989010989011
0 0.45606060606060606 0.9 0.10606060606060606 0.11648351648351649
0 0.4772727272727273 0.9505494505494505 0.10909090909090909 0.0945054945054945
0 0.42424242424242425 0.5307692307692308 0.045454545454545456 0.03736263736263736