0 0.49516129032258066 0.6779220779220779 0.03225806451612903 0.02077922077922078
0 0.7895161290322581 0.5025974025974026 0.056451612903225805 0.033766233766233764
0 0.6193548387096774 0.42467532467532465 0.04516129032258064 0.023376623376623377
0 0.507258064516129 0.37142857142857144 0.037096774193548385 0.02077922077922078
0 0.4346774193548387 0.33766233766233766 0.03064516129032258 0.015584415584415584
0 0.3959677419354839 0.2831168831168831 0.024193548387096774 0.015584415584415584
0 0.9040322580645161 0.2714285714285714 0.03064516129032258 0.01818181818181818
0 0.37016129032258066 0.5922077922077922 0.1403225806451613 0.06753246753246753
0 0.2862903225806452 0.4922077922077922 0.11129032258064517 0.05454545454545454
0 0.33306451612903226 0.5233766233766234 0.03064516129032258 0.01818181818181818
0 0.25806451612903225 0.43506493506493504 0.025806451612903226 0.01818181818181818