0 0.41000000000000003 0.7469733656174334 0.19 0.05084745762711865
0 0.6641666666666667 0.7627118644067797 0.265 0.10653753026634383
0 0.49500000000000005 0.337772397094431 0.043333333333333335 0.11380145278450364
0 0.5225000000000001 0.15617433414043586 0.03833333333333334 0.08474576271186442
0 0.22666666666666668 0.32808716707021796 0.07333333333333333 0.12832929782082325
0 0.2891666666666667 0.16343825665859565 0.055 0.09443099273607748
0 0.26333333333333336 0.3268765133171913 0.03666666666666667 0.07263922518159807
0 0.5366666666666667 0.32566585956416466 0.03333333333333333 0.07021791767554479
0 0.7725000000000001 0.3220338983050848 0.05166666666666667 0.12590799031476999
0 0.7583333333333334 0.1513317191283293 0.043333333333333335 0.09443099273607748
0 0.8125 0.3196125907990315 0.035 0.08232445520581114