0 0.20650406504065041 0.519559902200489 0.04878048780487805 0.03178484107579462
0 0.08292682926829269 0.539119804400978 0.16585365853658537 0.06601466992665037
0 0.9308943089430894 0.8288508557457213 0.0959349593495935 0.11246943765281174
0 0.7764227642276422 0.5843520782396088 0.0959349593495935 0.12224938875305623
0 0.42276422764227645 0.4449877750611247 0.04552845528455285 0.039119804400977995
0 0.3203252032520325 0.6332518337408313 0.07804878048780488 0.044009779951100246
0 0.5154471544715448 0.7555012224938875 0.055284552845528454 0.039119804400977995
0 0.34146341463414637 0.4352078239608802 0.07154471544715447 0.08801955990220049
0 0.4983739837398374 0.3753056234718826 0.05040650406504065 0.07579462102689487
0 0.6658536585365854 0.4731051344743276 0.07967479674796749 0.12469437652811736
0 0.7048780487804878 0.8349633251833741 0.08617886178861789 0.08068459657701711
0 0.367479674796748 0.7799511002444988 0.0943089430894309 0.05378973105134474
0 0.06829268292682927 0.6662591687041565 0.08455284552845528 0.04645476772616137
0 0.07073170731707316 0.812958435207824 0.07317073170731707 0.08068459657701711