0 0.18083333333333335 0.26169064748201437 0.11611111111111111 0.1133093525179856
0 0.37972222222222224 0.5569544364508393 0.050555555555555555 0.02398081534772182
0 0.09166666666666666 0.7667865707434052 0.06777777777777778 0.031175059952038366
0 0.4033333333333333 0.5926258992805755 0.021111111111111112 0.007793764988009592
0 0.2127777777777778 0.6064148681055156 0.017777777777777778 0.007793764988009592
0 0.2111111111111111 0.6372901678657074 0.02 0.007194244604316546
0 0.20972222222222223 0.6666666666666666 0.020555555555555556 0.007194244604316546
0 0.2111111111111111 0.6954436450839329 0.021111111111111112 0.005995203836930455
0 0.2136111111111111 0.724820143884892 0.021666666666666667 0.007194244604316546
0 0.15472222222222223 0.7008393285371702 0.021666666666666667 0.007194244604316546
0 0.15611111111111112 0.7293165467625898 0.02 0.006594724220623501
0 0.15527777777777776 0.6708633093525179 0.020555555555555556 0.007194244604316546
0 0.155 0.6417865707434053 0.021111111111111112 0.006594724220623501
0 0.1375 0.6046163069544364 0.018333333333333333 0.007793764988009592
0 0.16083333333333333 0.6040167865707433 0.019444444444444445 0.007793764988009592
0 0.8086111111111111 0.6034172661870503 0.03277777777777778 0.008992805755395683
0 0.7566666666666667 0.6657673860911271 0.023333333333333334 0.007793764988009592
0 0.8002777777777778 0.6678657074340527 0.02388888888888889 0.008393285371702638
0 0.8016666666666666 0.7197242206235012 0.023333333333333334 0.007793764988009592
0 0.8463888888888889 0.7233213429256594 0.02388888888888889 0.008992805755395683
0 0.7561111111111111 0.717326139088729 0.022222222222222223 0.008992805755395683
0 0.5897222222222223 0.5719424460431655 0.017222222222222222 0.005995203836930455
0 0.6330555555555556 0.5743405275779376 0.017222222222222222 0.005995203836930455
0 0.6575 0.5749400479616307 0.017222222222222222 0.004796163069544364
0 0.6852777777777778 0.5749400479616307 0.018333333333333333 0.004796163069544364
0 0.7119444444444445 0.5740407673860911 0.019444444444444445 0.0053956834532374095