0 0.3939655172413793 0.20277777777777778 0.21551724137931033 0.15
0 0.878448275862069 0.6263888888888889 0.20517241379310344 0.7416666666666667
0 0.5862068965517241 0.41111111111111115 0.2827586206896552 0.15
0 0.6439655172413793 0.5527777777777778 0.03275862068965517 0.03333333333333333
0 0.5198275862068965 0.5805555555555556 0.13620689655172413 0.061111111111111116
0 0.2853448275862069 0.5347222222222222 0.16034482758620688 0.10277777777777779
0 0.6112068965517241 0.8138888888888889 0.05344827586206896 0.02777777777777778
0 0.5543103448275862 0.8180555555555555 0.06034482758620689 0.030555555555555558
0 0.7043103448275861 0.8125 0.06034482758620689 0.036111111111111115
0 0.7844827586206896 0.8166666666666667 0.04827586206896552 0.03888888888888889
0 0.6517241379310345 0.75 0.05172413793103448 0.03333333333333333