0 0.03714565004887586 0.30149051490514905 0.043010752688172046 0.023035230352303523
0 0.16177908113391984 0.31842818428184283 0.04594330400782014 0.024390243902439025
0 0.12121212121212122 0.39498644986449866 0.06060606060606061 0.028455284552845527
0 0.21163245356793745 0.4478319783197832 0.03421309872922776 0.03387533875338753
0 0.2849462365591398 0.3902439024390244 0.028347996089931573 0.013550135501355014
0 0.09237536656891496 0.5914634146341463 0.020527859237536656 0.036585365853658534
0 0.1774193548387097 0.6063685636856369 0.03616813294232649 0.03929539295392954
0 0.0884652981427175 0.766260162601626 0.05180840664711633 0.08265582655826559
0 0.17155425219941348 0.7981029810298103 0.04594330400782014 0.04336043360433604
0 0.23900293255131966 0.752710027100271 0.07135874877810362 0.036585365853658534
0 0.31622678396871945 0.8794037940379403 0.059628543499511244 0.016260162601626015
0 0.9227761485826002 0.6124661246612466 0.08211143695014662 0.04607046070460705
0 0.8421309872922776 0.6205962059620597 0.042033235581622676 0.04607046070460705
0 0.9428152492668622 0.8895663956639567 0.10263929618768329 0.044715447154471545
0 0.8900293255131965 0.279810298102981 0.11241446725317693 0.036585365853658534
0 0.8978494623655914 0.5176151761517616 0.028347996089931573 0.024390243902439025
0 0.7565982404692082 0.8990514905149052 0.02932551319648094 0.025745257452574527
0 0.7008797653958945 0.9220867208672087 0.0469208211143695 0.036585365853658534
0 0.8284457478005866 0.9295392953929539 0.0635386119257087 0.04336043360433604
0 0.8352883675464321 0.8136856368563685 0.04007820136852395 0.023035230352303523
0 0.7947214076246334 0.7228997289972899 0.013685239491691105 0.07723577235772358
0 0.7531769305962854 0.7262872628726287 0.042033235581622676 0.013550135501355014
0 0.8719452590420332 0.6842818428184282 0.021505376344086023 0.016260162601626015
0 0.8382209188660802 0.5101626016260162 0.05767350928641251 0.03929539295392954
0 0.7649071358748778 0.5121951219512195 0.03225806451612903 0.024390243902439025
0 0.7121212121212122 0.4356368563685637 0.042033235581622676 0.012195121951219513
0 0.718475073313783 0.41192411924119243 0.044965786901270774 0.016260162601626015
0 0.7253176930596286 0.3895663956639566 0.043010752688172046 0.017615176151761516
0 0.7316715542521994 0.36653116531165314 0.042033235581622676 0.014905149051490514
0 0.7678396871945259 0.2669376693766938 0.04594330400782014 0.02710027100271003
0 0.8245356793743891 0.4369918699186992 0.04007820136852395 0.02032520325203252