0 0.07266666666666667 0.3372937293729373 0.017333333333333333 0.018481848184818482
0 0.15933333333333333 0.29372937293729373 0.011333333333333332 0.013201320132013201
0 0.17266666666666666 0.48382838283828383 0.019333333333333334 0.027722772277227723
0 0.08449999999999999 0.45313531353135317 0.033 0.0297029702970297
0 0.094 0.5759075907590759 0.028 0.028382838283828385
0 0.10083333333333333 0.6792079207920793 0.027 0.023762376237623763
0 0.24316666666666667 0.4485148514851485 0.014333333333333333 0.013861386138613862
0 0.29233333333333333 0.333993399339934 0.004666666666666666 0.027722772277227723
0 0.22083333333333333 0.4066006600660066 0.012333333333333333 0.014521452145214522
0 0.17866666666666667 0.42145214521452146 0.008 0.013861386138613862
0 0.18766666666666665 0.16336633663366337 0.019333333333333334 0.02178217821782178
0 0.16916666666666666 0.7194719471947195 0.022333333333333334 0.022442244224422443
0 0.20333333333333334 0.6864686468646864 0.012666666666666666 0.013201320132013201
0 0.20933333333333332 0.5702970297029704 0.012666666666666666 0.013201320132013201
0 0.24366666666666667 0.5841584158415841 0.012666666666666666 0.010561056105610561
0 0.18266666666666667 0.6105610561056106 0.010666666666666666 0.017161716171617162
0 0.15316666666666667 0.4887788778877888 0.011 0.033663366336633666
0 0.11833333333333333 0.3306930693069307 0.006 0.014521452145214522
0 0.135 0.30825082508250823 0.006 0.013201320132013201
0 0.14883333333333332 0.34653465346534656 0.011 0.009240924092409241
0 0.183 0.3537953795379538 0.006666666666666666 0.011881188118811881
0 0.194 0.3323432343234323 0.006 0.008580858085808581
0 0.26866666666666666 0.28085808580858085 0.01 0.007260726072607261
0 0.20433333333333334 0.31287128712871287 0.005333333333333333 0.007920792079207921
0 0.16633333333333333 0.24026402640264027 0.006 0.010561056105610561
0 0.24933333333333332 0.3811881188118812 0.006666666666666666 0.009900990099009901
0 0.29383333333333334 0.3844884488448845 0.007 0.011221122112211221
0 0.35333333333333333 0.28844884488448846 0.022 0.022442244224422443
0 0.35916666666666663 0.33927392739273926 0.025666666666666667 0.019801980198019802
0 0.36316666666666664 0.3947194719471947 0.024999999999999998 0.017161716171617162
0 0.36983333333333335 0.466006600660066 0.017666666666666667 0.027722772277227723
0 0.37766666666666665 0.5765676567656766 0.014666666666666666 0.031023102310231025
0 0.3471666666666667 0.7528052805280528 0.020999999999999998 0.017821782178217824
0 0.345 0.7056105610561056 0.017333333333333333 0.015841584158415842
0 0.3436666666666667 0.6551155115511551 0.012 0.0165016501650165
0 0.3408333333333333 0.6036303630363037 0.007666666666666666 0.0165016501650165
0 0.3466666666666667 0.45544554455445546 0.021333333333333333 0.027722772277227723
0 0.37083333333333335 0.5287128712871287 0.006333333333333333 0.021122112211221122
0 0.3825 0.6273927392739274 0.013 0.033663366336633666
0 0.38516666666666666 0.6712871287128713 0.013 0.027722772277227723
0 0.3883333333333333 0.7135313531353136 0.010666666666666666 0.031683168316831684
0 0.3873333333333333 0.5016501650165016 0.024666666666666667 0.029042904290429043
0 0.39966666666666667 0.5537953795379538 0.022 0.022442244224422443
0 0.4023333333333333 0.6105610561056106 0.022 0.029042904290429043
0 0.4508333333333333 0.5603960396039604 0.024333333333333332 0.027722772277227723
0 0.45249999999999996 0.6194719471947194 0.023666666666666666 0.023102310231023104
0 0.4051666666666667 0.663036303630363 0.021666666666666667 0.023102310231023104
0 0.47983333333333333 0.4481848184818482 0.019666666666666666 0.023762376237623763
0 0.4081666666666667 0.7155115511551156 0.020999999999999998 0.022442244224422443
0 0.4115 0.7656765676567657 0.02033333333333333 0.021122112211221122
0 0.45349999999999996 0.6762376237623763 0.023 0.025742574257425745
0 0.4553333333333333 0.7293729372937294 0.022 0.025082508250825083
0 0.4573333333333333 0.7834983498349835 0.021333333333333333 0.025082508250825083
0 0.5078333333333334 0.567986798679868 0.025666666666666667 0.0297029702970297
0 0.5075 0.6273927392739274 0.024333333333333332 0.028382838283828385
0 0.5071666666666667 0.6848184818481848 0.024999999999999998 0.02442244224422442
0 0.508 0.7382838283828383 0.024 0.02178217821782178
0 0.5086666666666666 0.7940594059405941 0.024 0.023762376237623763
0 0.5285 0.4495049504950495 0.02033333333333333 0.022442244224422443
0 0.53 0.39603960396039606 0.022 0.026402640264026403
0 0.45366666666666666 0.36996699669967 0.017333333333333333 0.02178217821782178
0 0.4963333333333333 0.5115511551155115 0.01 0.018481848184818482
0 0.5476666666666666 0.5151815181518152 0.008666666666666666 0.0165016501650165
0 0.572 0.43663366336633663 0.028666666666666667 0.031023102310231025
0 0.5686666666666667 0.5042904290429043 0.028 0.026402640264026403
0 0.5678333333333333 0.568976897689769 0.028333333333333332 0.027722772277227723
0 0.5663333333333334 0.6310231023102311 0.026666666666666665 0.023762376237623763
0 0.5648333333333333 0.6897689768976898 0.027 0.023762376237623763
0 0.565 0.7458745874587459 0.025333333333333333 0.026402640264026403
0 0.5641666666666666 0.8026402640264027 0.024999999999999998 0.025082508250825083
0 0.7414999999999999 0.6392739273927392 0.009666666666666667 0.009900990099009901
0 0.7878333333333333 0.6343234323432343 0.009 0.009240924092409241
0 0.8286666666666667 0.6283828382838283 0.008 0.007920792079207921
0 0.8644999999999999 0.6095709570957096 0.009666666666666667 0.008580858085808581
0 0.9296666666666666 0.6 0.009333333333333332 0.007920792079207921
0 0.7518333333333334 0.73993399339934 0.008333333333333333 0.007920792079207921
0 0.7925 0.7326732673267327 0.009 0.007920792079207921
0 0.8328333333333333 0.7221122112211221 0.008333333333333333 0.009240924092409241
0 0.8785 0.7264026402640265 0.010333333333333333 0.011221122112211221
0 0.9445 0.7039603960396039 0.009 0.008580858085808581
0 0.7556666666666666 0.8366336633663366 0.009333333333333332 0.008580858085808581
0 0.7955 0.829042904290429 0.009 0.007920792079207921
0 0.8346666666666667 0.8191419141914191 0.008666666666666666 0.007920792079207921
0 0.8788333333333334 0.8178217821782179 0.011 0.010561056105610561
0 0.9458333333333333 0.7973597359735973 0.010333333333333333 0.011881188118811881
0 0.8818333333333334 0.9128712871287129 0.010333333333333333 0.010561056105610561
0 0.946 0.8894389438943895 0.010666666666666666 0.008580858085808581
0 0.7573333333333333 0.9336633663366337 0.009333333333333332 0.008580858085808581
0 0.7969999999999999 0.9244224422442244 0.008666666666666666 0.008580858085808581
0 0.8363333333333333 0.9115511551155115 0.008 0.009240924092409241
0 0.948 0.9782178217821782 0.008666666666666666 0.010561056105610561
0 0.7268333333333333 0.2597359735973597 0.016999999999999998 0.013861386138613862
0 0.7264999999999999 0.3594059405940594 0.017666666666666667 0.015181518151815182
0 0.7296666666666667 0.45841584158415843 0.017333333333333333 0.012541254125412541
0 0.8213333333333334 0.3673267326732673 0.014 0.009900990099009901
0 0.8133333333333334 0.2996699669966997 0.011333333333333332 0.010561056105610561
0 0.8236666666666667 0.4498349834983498 0.012666666666666666 0.011221122112211221
0 0.8885 0.2986798679867987 0.009666666666666667 0.009900990099009901
0 0.9038333333333333 0.3636963696369637 0.013 0.010561056105610561
0 0.9049999999999999 0.44224422442244227 0.011333333333333332 0.010561056105610561