0 0.8077256944444444 0.5010416666666666 0.023784722222222224 0.0203125
0 0.6875 0.7436197916666667 0.019791666666666666 0.038802083333333334
0 0.40295138888888893 0.7204427083333333 0.02326388888888889 0.040364583333333336
0 0.7650173611111112 0.646484375 0.016840277777777777 0.009114583333333334
0 0.7571180555555556 0.7666666666666666 0.010069444444444445 0.008333333333333333
0 0.8039930555555556 0.8072916666666666 0.011805555555555555 0.009895833333333333
0 0.7401041666666667 0.5880208333333333 0.012152777777777778 0.00625
0 0.7557291666666667 0.5884114583333333 0.012152777777777778 0.006510416666666667
0 0.7737847222222223 0.58984375 0.0125 0.00625
0 0.7954861111111111 0.5985677083333333 0.011805555555555555 0.006510416666666667
0 0.8042534722222222 0.5856770833333333 0.011979166666666667 0.00625
0 0.7776041666666667 0.7576822916666667 0.012847222222222223 0.005989583333333333
0 0.7890625 0.755078125 0.011805555555555555 0.0049479166666666664