0 0.23388671875 0.3003731343283582 0.0400390625 0.048507462686567165
0 0.31201171875 0.269589552238806 0.0439453125 0.046641791044776115
0 0.400390625 0.23973880597014924 0.05078125 0.054104477611940295
0 0.5009765625 0.19402985074626866 0.0546875 0.06343283582089553
0 0.6005859375 0.2332089552238806 0.048828125 0.06343283582089553
0 0.68896484375 0.27052238805970147 0.0439453125 0.05223880597014925
0 0.767578125 0.2947761194029851 0.0390625 0.04477611940298507
0 0.23486328125 0.6240671641791045 0.0791015625 0.05783582089552239
0 0.3134765625 0.6315298507462687 0.083984375 0.061567164179104475
0 0.400390625 0.6511194029850746 0.095703125 0.0708955223880597
0 0.5009765625 0.6585820895522388 0.111328125 0.07835820895522388
0 0.60107421875 0.6529850746268656 0.0966796875 0.06716417910447761
0 0.68994140625 0.6315298507462687 0.0791015625 0.061567164179104475
0 0.77001953125 0.6231343283582089 0.0751953125 0.055970149253731345