0 0.5741525423728814 0.4666666666666667 0.17372881355932204 0.0761904761904762
0 0.3167372881355932 0.4 0.0826271186440678 0.031746031746031744
0 0.09851694915254237 0.8031746031746032 0.1885593220338983 0.06984126984126984
0 0.4947033898305085 0.6126984126984127 0.0826271186440678 0.031746031746031744
0 0.4788135593220339 0.3396825396825397 0.19491525423728814 0.10158730158730159
0 0.7997881355932204 0.7206349206349206 0.05296610169491525 0.06984126984126984
0 0.9555084745762712 0.4857142857142857 0.07203389830508475 0.025396825396825397
0 0.9163135593220338 0.6634920634920635 0.023305084745762712 0.0380952380952381
0 0.04766949152542373 0.6698412698412698 0.09533898305084745 0.11428571428571428
0 0.6832627118644068 0.580952380952381 0.019067796610169493 0.031746031746031744
0 0.4576271186440678 0.7396825396825397 0.0211864406779661 0.0761904761904762
0 0.739406779661017 0.7301587301587301 0.029661016949152543 0.050793650793650794