0 0.27187500000000003 0.47929447852760737 0.10625000000000001 0.09662576687116564
0 0.75546875 0.495398773006135 0.1078125 0.09815950920245399
0 0.7546875000000001 0.43098159509202455 0.184375 0.03987730061349693
0 0.27109375 0.419478527607362 0.1796875 0.04141104294478528
0 0.27187500000000003 0.3773006134969325 0.025 0.024539877300613498
0 0.36640625000000004 0.3788343558282209 0.0171875 0.024539877300613498
0 0.18046875 0.37346625766871167 0.0171875 0.023006134969325152
0 0.35546875 0.4831288343558282 0.0203125 0.024539877300613498
0 0.31640625 0.5368098159509203 0.0234375 0.024539877300613498
0 0.37343750000000003 0.5299079754601227 0.015625 0.023006134969325152
0 0.19140625 0.4785276073619632 0.0171875 0.024539877300613498
0 0.38593750000000004 0.42868098159509205 0.0125 0.019938650306748466
0 0.22968750000000002 0.536042944785276 0.025 0.026073619631901843
0 0.22421875000000002 0.6434049079754601 0.0234375 0.026073619631901843
0 0.31953125000000004 0.6434049079754601 0.0234375 0.023006134969325152
0 0.37812500000000004 0.6319018404907976 0.0125 0.02147239263803681
0 0.18281250000000002 0.6894171779141104 0.015625 0.026073619631901843
0 0.2703125 0.6986196319018405 0.025 0.023006134969325152
0 0.36328125 0.6878834355828221 0.0171875 0.023006134969325152
0 0.665625 0.38726993865030673 0.015625 0.023006134969325152
0 0.759375 0.3888036809815951 0.028125 0.026073619631901843
0 0.8539062500000001 0.3895705521472393 0.0140625 0.027607361963190184
0 0.6726562500000001 0.49233128834355827 0.0203125 0.024539877300613498
0 0.8375 0.49616564417177916 0.018750000000000003 0.023006134969325152
0 0.6531250000000001 0.5406441717791411 0.0125 0.023006134969325152
0 0.64453125 0.4363496932515338 0.010937500000000001 0.023006134969325152
0 0.71015625 0.5498466257668712 0.026562500000000003 0.023006134969325152
0 0.7984375 0.5521472392638037 0.021875000000000002 0.02147239263803681
0 0.7046875 0.6579754601226994 0.021875000000000002 0.024539877300613498
0 0.7992187500000001 0.6610429447852761 0.0234375 0.024539877300613498
0 0.75390625 0.7147239263803681 0.026562500000000003 0.024539877300613498
0 0.84375 0.7070552147239264 0.018750000000000003 0.024539877300613498
0 0.6585937500000001 0.7009202453987731 0.0171875 0.02147239263803681
0 0.6429687500000001 0.6418711656441718 0.010937500000000001 0.023006134969325152
0 0.8562500000000001 0.6487730061349694 0.0125 0.024539877300613498