0 0.25333333333333335 0.1394658753709199 0.27 0.09495548961424333
0 0.28833333333333333 0.6839762611275965 0.2833333333333333 0.13353115727002968
0 0.5675 0.612759643916914 0.21166666666666667 0.10979228486646884
0 0.5241666666666667 0.13798219584569735 0.20833333333333334 0.08011869436201781
0 0.8316666666666667 0.12759643916913946 0.15666666666666668 0.0712166172106825
0 0.8841666666666668 0.5237388724035609 0.155 0.09792284866468844
0 0.9266666666666667 0.9451038575667656 0.14333333333333334 0.10385756676557864
0 0.045000000000000005 0.7477744807121662 0.09000000000000001 0.08902077151335312
0 0.6808333333333334 0.1913946587537092 0.06166666666666667 0.12166172106824927
0 0.7250000000000001 0.5534124629080119 0.060000000000000005 0.09198813056379822
0 0.030000000000000002 0.15281899109792285 0.060000000000000005 0.0741839762611276