0 0.321 0.5285 0.058 0.044
0 0.57375 0.48225 0.0645 0.0405
0 0.342 0.68675 0.013000000000000001 0.0125
0 0.514 0.76425 0.018000000000000002 0.0195
0 0.21725 0.6665 0.0115 0.03
0 0.24525 0.6955 0.0135 0.031
0 0.1905 0.63875 0.01 0.0285
0 0.21975 0.742 0.0115 0.03
0 0.247 0.77275 0.012 0.0315
0 0.19425 0.71325 0.0115 0.0285
0 0.16875 0.68425 0.0095 0.0285
0 0.146 0.6577500000000001 0.009000000000000001 0.0275
0 0.1245 0.63275 0.011 0.0265
0 0.1445 0.58875 0.009000000000000001 0.0275
0 0.16725 0.6125 0.0105 0.027
0 0.12225 0.5640000000000001 0.0095 0.027
0 0.31525000000000003 0.70275 0.0245 0.0275
0 0.393 0.684 0.026000000000000002 0.03
0 0.31625000000000003 0.78 0.025500000000000002 0.031
0 0.39225 0.761 0.0245 0.031
0 0.465 0.668 0.023 0.03
0 0.465 0.743 0.025 0.029
0 0.537 0.65075 0.02 0.0275
0 0.735 0.6785 0.021 0.027
0 0.7352500000000001 0.6072500000000001 0.021500000000000002 0.0285
0 0.7975 0.59325 0.021 0.0265
0 0.797 0.6637500000000001 0.02 0.0265
0 0.8572500000000001 0.649 0.0205 0.026000000000000002
0 0.8575 0.57975 0.019 0.0265
0 0.67125 0.6195 0.0185 0.025
0 0.6717500000000001 0.6935 0.021500000000000002 0.027
0 0.84375 0.57275 0.0085 0.0105
0 0.379 0.57725 0.039 0.0275
0 0.64575 0.525 0.0345 0.024
0 0.50025 0.153 0.0115 0.007