0 0.4277173913043478 0.38593750000000004 0.0641304347826087 0.6781250000000001
0 0.35 0.1875 0.08695652173913043 0.1
0 0.16793478260869565 0.203125 0.035869565217391305 0.05625
0 0.6614130434782609 0.22031250000000002 0.06195652173913044 0.12187500000000001
0 0.9559782608695653 0.40468750000000003 0.08586956521739131 0.8093750000000001
0 0.8766304347826087 0.046875 0.10760869565217392 0.09375
0 0.778804347826087 0.1015625 0.09456521739130434 0.203125
0 0.6097826086956522 0.565625 0.0782608695652174 0.11875000000000001
0 0.25217391304347825 0.14375000000000002 0.08695652173913043 0.13125
0 0.16521739130434782 0.33906250000000004 0.09565217391304348 0.284375
0 0.029891304347826088 0.5906250000000001 0.059782608695652176 0.55