0 0.32251908396946566 0.2411167512690355 0.1946564885496183 0.050761421319796954
0 0.933206106870229 0.2893401015228426 0.11832061068702289 0.04568527918781726
0 0.6774809160305343 0.25253807106598986 0.12595419847328243 0.048223350253807105
0 0.5038167938931297 0.2766497461928934 0.12213740458015267 0.04060913705583756
0 0.05343511450381679 0.26903553299492383 0.10687022900763359 0.04568527918781726
0 0.3148854961832061 0.7195431472081217 0.3244274809160305 0.08375634517766496
0 0.6736641221374046 0.7119289340101522 0.2633587786259542 0.08375634517766496
0 0.8225190839694656 0.3248730964467005 0.09541984732824427 0.03045685279187817
0 0.0648854961832061 0.7182741116751269 0.1297709923664122 0.08629441624365482
0 0.33396946564885494 0.6370558375634517 0.12595419847328243 0.08629441624365482
0 0.9580152671755725 0.649746192893401 0.07633587786259542 0.07106598984771573