0 0.810880829015544 0.6457446808510638 0.027633851468048358 0.06170212765957447
0 0.2767702936096718 0.6404255319148936 0.047495682210708115 0.029787234042553193
0 0.24050086355785835 0.747872340425532 0.03540587219343696 0.031914893617021274
0 0.03756476683937824 0.5031914893617021 0.02677029360967185 0.027659574468085108
0 0.6722797927461139 0.7372340425531915 0.05958549222797927 0.031914893617021274
0 0.9369602763385146 0.725531914893617 0.03281519861830742 0.03404255319148936
0 0.6303972366148531 0.3223404255319149 0.06735751295336788 0.04893617021276596
0 0.8208117443868739 0.12553191489361704 0.03022452504317789 0.029787234042553193
0 0.28411053540587217 0.2872340425531915 0.06390328151986183 0.03829787234042553
0 0.24136442141623488 0.2925531914893617 0.01468048359240069 0.023404255319148935
0 0.5837651122625216 0.33297872340425533 0.018998272884283247 0.027659574468085108