0 0.39576923076923076 0.30387029288702927 0.12384615384615384 0.07008368200836819
0 0.07653846153846154 0.15533472803347279 0.06076923076923077 0.06380753138075314
0 0.25153846153846154 0.3122384937238493 0.08615384615384615 0.13284518828451883
0 0.1776923076923077 0.8619246861924685 0.16307692307692306 0.06485355648535564
0 0.27115384615384613 0.5381799163179916 0.12692307692307692 0.03242677824267782
0 0.5 0.6835774058577405 0.06153846153846154 0.17677824267782424
0 0.7569230769230769 0.3315899581589958 0.06461538461538462 0.14016736401673638
0 0.4492307692307692 0.06433054393305439 0.11384615384615385 0.05753138075313807
0 0.2923076923076923 0.13493723849372383 0.09846153846153846 0.050209205020920494
0 0.9603846153846154 0.6521966527196652 0.07769230769230769 0.10355648535564853
0 0.7796153846153846 0.16056485355648534 0.04384615384615385 0.10355648535564853
0 0.27115384615384613 0.03556485355648535 0.07615384615384616 0.0397489539748954