0 0.06554524361948956 0.4669724770642202 0.07076566125290024 0.027522935779816515
0 0.21635730858468677 0.4394495412844037 0.07540603248259861 0.031192660550458717
0 0.33410672853828305 0.46238532110091746 0.05568445475638051 0.03302752293577982
0 0.48781902552204176 0.22293577981651377 0.02668213457076566 0.1963302752293578
0 0.48665893271461713 0.6504587155963303 0.1334106728538283 0.05688073394495413
0 0.7157772621809745 0.6339449541284404 0.0951276102088167 0.031192660550458717
0 0.8509280742459396 0.534862385321101 0.10324825986078887 0.04220183486238532
0 0.6490719257540603 0.6192660550458716 0.01740139211136891 0.1926605504587156
0 0.9332946635730858 0.5504587155963303 0.029002320185614848 0.26055045871559634
0 0.45359628770301624 0.5522935779816514 0.05568445475638051 0.08440366972477065
0 0.8248259860788862 0.45504587155963305 0.04640371229698376 0.06972477064220184
0 0.6925754060324826 0.5642201834862386 0.03944315545243619 0.060550458715596334