0 0.09037990196078431 0.15584150326797386 0.03615196078431372 0.024101307189542485
0 0.21430759803921567 0.15093954248366012 0.040747549019607844 0.02165032679738562
0 0.08547794117647059 0.00980392156862745 0.026348039215686275 0.013071895424836602
0 0.35003063725490197 0.14256535947712418 0.04136029411764706 0.0196078431372549
0 0.5055147058823529 0.09027777777777778 0.044117647058823525 0.022875816993464054
0 0.6415441176470588 0.09027777777777778 0.04779411764705882 0.03022875816993464
0 0.7668504901960784 0.08415032679738563 0.04595588235294117 0.025326797385620915
0 0.9195772058823529 0.09272875816993464 0.046875 0.022875816993464054
0 0.13771446078431374 0.46405228758169936 0.03707107843137255 0.022875816993464054
0 0.39828431372549017 0.4616013071895425 0.04595588235294117 0.025326797385620915
0 0.5618872549019608 0.41115196078431376 0.04044117647058824 0.01919934640522876
0 0.7559742647058824 0.3895016339869281 0.06954656862745098 0.03227124183006536
0 0.3760723039215686 0.2945261437908497 0.06464460784313725 0.01797385620915033
0 0.7752757352941176 0.644812091503268 0.03400735294117647 0.014297385620915034
0 0.7999387254901961 0.7277369281045751 0.03676470588235294 0.010212418300653595
0 0.8275122549019608 0.8270016339869282 0.03615196078431372 0.017565359477124183
0 0.8497242647058824 0.9338235294117647 0.036458333333333336 0.015522875816993464
0 0.6790747549019608 0.5898692810457516 0.029105392156862746 0.013071895424836602
0 0.5920649509803921 0.8641748366013072 0.04442401960784314 0.023284313725490197
0 0.5862438725490196 0.7587826797385621 0.04381127450980392 0.01838235294117647
0 0.5721507352941176 0.6697303921568628 0.03278186274509804 0.012663398692810458
0 0.5611213235294118 0.604779411764706 0.0272671568627451 0.01511437908496732
0 0.46400122549019607 0.6058006535947713 0.026041666666666668 0.00980392156862745
0 0.4641544117647059 0.6734068627450981 0.03860294117647059 0.01184640522875817
0 0.4713541666666667 0.7632761437908497 0.043198529411764705 0.013480392156862746
0 0.4534313725490196 0.8696895424836601 0.04534313725490196 0.01715686274509804
0 0.36121323529411764 0.6055964052287582 0.03125 0.012663398692810458
0 0.3512561274509804 0.6776960784313726 0.036458333333333336 0.011437908496732027
0 0.3509497549019608 0.7614379084967321 0.04136029411764706 0.01715686274509804
0 0.32306985294117646 0.8733660130718954 0.046875 0.018790849673202614
0 0.19316789215686275 0.8719362745098039 0.048100490196078434 0.01919934640522876
0 0.22196691176470587 0.7763480392156863 0.04197303921568627 0.01838235294117647
0 0.2391237745098039 0.6819852941176471 0.0389093137254902 0.012663398692810458
0 0.1525735294117647 0.6215277777777778 0.030637254901960783 0.012663398692810458
0 0.12392769607843138 0.6930147058823529 0.033394607843137254 0.013480392156862746
0 0.10355392156862744 0.7706290849673203 0.041666666666666664 0.014297385620915034
0 0.060355392156862746 0.8745915032679739 0.044730392156862746 0.0196078431372549
0 0.029564950980392156 0.6823937908496732 0.03400735294117647 0.01511437908496732
0 0.2601102941176471 0.6102941176470589 0.024509803921568627 0.013071895424836602
0 0.06694240196078431 0.6139705882352942 0.02971813725490196 0.00980392156862745