0 0.4381818181818182 0.4190938511326861 0.15272727272727274 0.10032362459546926
0 0.769090909090909 0.4110032362459547 0.12727272727272726 0.09061488673139159
0 0.94 0.05501618122977347 0.11636363636363636 0.07119741100323625
0 0.6272727272727273 0.03236245954692557 0.15272727272727274 0.06472491909385114
0 0.23272727272727273 0.025889967637540454 0.17454545454545456 0.05177993527508091
0 0.031818181818181815 0.0598705501618123 0.03090909090909091 0.1197411003236246
0 0.44727272727272727 0.06472491909385114 0.01818181818181818 0.12944983818770228
0 0.7972727272727272 0.07928802588996764 0.02727272727272727 0.13268608414239483
0 0.08181818181818182 0.46116504854368934 0.05454545454545454 0.08737864077669903
0 0.08545454545454545 0.522653721682848 0.05090909090909091 0.02912621359223301
0 0.06181818181818182 0.23624595469255666 0.02181818181818182 0.045307443365695796
0 0.28 0.33495145631067963 0.06909090909090909 0.13268608414239483
0 0.25727272727272726 0.4644012944983819 0.02727272727272727 0.13268608414239483
0 0.6145454545454545 0.45307443365695793 0.025454545454545455 0.12297734627831716
0 0.6454545454545455 0.3300970873786408 0.06545454545454546 0.11650485436893204
0 0.9136363636363637 0.43203883495145634 0.038181818181818185 0.06796116504854369
0 0.9072727272727272 0.4789644012944984 0.03636363636363636 0.025889967637540454
0 0.10909090909090909 0.7200647249190939 0.06909090909090909 0.10679611650485438
0 0.47363636363636363 0.6925566343042071 0.06363636363636363 0.11003236245954694
0 0.7809090909090909 0.6521035598705502 0.05272727272727273 0.10032362459546926
0 0.9009090909090909 0.7087378640776699 0.04909090909090909 0.09061488673139159
0 0.9727272727272728 0.6229773462783171 0.03272727272727273 0.03559870550161812
0 0.600909090909091 0.7475728155339806 0.12545454545454546 0.09061488673139159
0 0.44727272727272727 0.7993527508090615 0.02181818181818182 0.10355987055016182
0 0.26272727272727275 0.7815533980582524 0.14363636363636365 0.08737864077669903
0 0.09272727272727273 0.8300970873786409 0.03272727272727273 0.11326860841423948
0 0.6454545454545455 0.8770226537216829 0.1890909090909091 0.11650485436893204
0 0.7927272727272727 0.8398058252427185 0.10181818181818182 0.09385113268608415
0 0.7509090909090909 0.7475728155339806 0.02181818181818182 0.0970873786407767