0 0.7758333333333334 0.18197879858657243 0.045000000000000005 0.020023557126030624
0 0.8891666666666668 0.2067137809187279 0.04166666666666667 0.017667844522968195
0 0.45833333333333337 0.26796230859835096 0.03666666666666667 0.017667844522968195
0 0.7300000000000001 0.6878680800942285 0.03666666666666667 0.016489988221436984
0 0.805 0.7137809187279152 0.03666666666666667 0.016489988221436984
0 0.17916666666666667 0.8191990577149587 0.05166666666666667 0.03180212014134275
0 0.18250000000000002 0.856301531213192 0.05166666666666667 0.03297997644287397
0 0.18833333333333335 0.8916372202591283 0.05333333333333334 0.030624263839811542
0 0.1925 0.9240282685512367 0.04833333333333334 0.029446407538280327
0 0.19833333333333333 0.9570082449941106 0.05 0.029446407538280327
0 0.7016666666666667 0.7355712603062425 0.03666666666666667 0.017667844522968195
0 0.775 0.7626619552414605 0.03333333333333333 0.020023557126030624