0 0.29791666666666666 0.5648148148148149 0.2125 0.2925925925925926
0 0.4791666666666667 0.22777777777777777 0.15416666666666667 0.1814814814814815
0 0.08958333333333333 0.21481481481481482 0.16666666666666666 0.1851851851851852
0 0.13020833333333334 0.5203703703703704 0.12708333333333333 0.14444444444444446
0 0.2833333333333333 0.2777777777777778 0.11666666666666667 0.16296296296296298
0 0.29270833333333335 0.8981481481481481 0.17708333333333334 0.1962962962962963
0 0.9249999999999999 0.8055555555555556 0.1375 0.1962962962962963
0 0.8875 0.45 0.12916666666666665 0.15925925925925927
0 0.7614583333333333 0.5648148148148149 0.19375 0.26296296296296295
0 0.7447916666666666 0.22777777777777777 0.13541666666666666 0.15925925925925927
0 0.534375 0.040740740740740744 0.11458333333333333 0.08148148148148149
0 0.9479166666666666 0.22962962962962963 0.1 0.12592592592592594
0 0.9166666666666666 0.07037037037037037 0.1 0.10370370370370371
0 0.74375 0.05555555555555556 0.10416666666666667 0.11111111111111112