0 0.48750000000000004 0.08680555555555555 0.29375 0.13472222222222222
0 0.1125 0.0375 0.06406250000000001 0.030555555555555558
0 0.27109375 0.26944444444444443 0.078125 0.0638888888888889
0 0.144921875 0.2715277777777778 0.09140625000000001 0.07083333333333333
0 0.14296875 0.3979166666666667 0.08125 0.059722222222222225
0 0.14140625 0.7916666666666667 0.045312500000000006 0.08611111111111111
0 0.031640625 0.27569444444444446 0.049218750000000006 0.08194444444444444
0 0.023828125000000002 0.9256944444444445 0.04609375 0.09027777777777778
0 0.27109375 0.6611111111111111 0.05 0.08611111111111111
0 0.265234375 0.9229166666666667 0.07578125000000001 0.0625
0 0.26484375 0.7944444444444445 0.09062500000000001 0.07222222222222223
0 0.2703125 0.5527777777777778 0.084375 0.04722222222222222
0 0.270703125 0.5090277777777777 0.06640625 0.051388888888888894
0 0.03828125 0.40069444444444446 0.0765625 0.07361111111111111
0 0.140234375 0.9256944444444445 0.08828125 0.06805555555555556
0 0.636328125 0.27222222222222225 0.05078125 0.08055555555555556
0 0.758984375 0.27083333333333337 0.09453125000000001 0.0638888888888889
0 0.8832031250000001 0.27083333333333337 0.07734375 0.061111111111111116
0 0.76171875 0.40208333333333335 0.109375 0.07361111111111111
0 0.636328125 0.4 0.09296875 0.06944444444444445
0 0.762890625 0.6819444444444445 0.08359375000000001 0.05
0 0.7625000000000001 0.6381944444444445 0.07187500000000001 0.051388888888888894
0 0.7671875 0.7881944444444444 0.045312500000000006 0.09027777777777778
0 0.891796875 0.9215277777777778 0.07734375 0.05694444444444444
0 0.890234375 0.7895833333333334 0.09296875 0.06527777777777778
0 0.890234375 0.6597222222222222 0.047656250000000004 0.08611111111111111
0 0.887890625 0.5541666666666667 0.08046875 0.04722222222222222
0 0.8875000000000001 0.5097222222222222 0.065625 0.04722222222222222
0 0.77265625 0.9215277777777778 0.084375 0.06527777777777778
0 0.397265625 0.4236111111111111 0.07890625000000001 0.04722222222222222
0 0.14179687500000002 0.6597222222222222 0.09609375 0.058333333333333334
0 0.0328125 0.8159722222222222 0.065625 0.04861111111111111
0 0.029296875 0.7701388888888889 0.05859375 0.051388888888888894
0 0.037500000000000006 0.53125 0.07500000000000001 0.07083333333333333
0 0.63828125 0.51875 0.07500000000000001 0.04027777777777778