0 0.4535864978902953 0.46308016877637126 0.08016877637130801 0.10337552742616032
0 0.609704641350211 0.5453586497890295 0.08227848101265822 0.12447257383966244
0 0.7784810126582278 0.6476793248945147 0.09915611814345991 0.14345991561181434
0 0.8412447257383966 0.10337552742616032 0.3154008438818565 0.20675105485232065
0 0.1170886075949367 0.7710970464135021 0.2341772151898734 0.4535864978902953
0 0.44567510548523204 0.6497890295358649 0.07700421940928269 0.1350210970464135
0 0.5986286919831223 0.7426160337552742 0.07700421940928269 0.13924050632911392
0 0.7568565400843881 0.8597046413502109 0.09388185654008438 0.16666666666666666
0 0.9113924050632911 0.8945147679324894 0.0590717299578059 0.08438818565400844
0 0.9419831223628691 0.7563291139240506 0.04641350210970464 0.06118143459915611
0 0.975210970464135 0.6424050632911392 0.03481012658227848 0.044303797468354424