0 0.2275 0.3723644578313253 0.039 0.01882530120481928
0 0.228 0.401355421686747 0.035 0.016566265060240965
0 0.22725 0.4608433734939759 0.0335 0.01807228915662651
0 0.229 0.43185240963855426 0.034 0.01882530120481928
0 0.227 0.48983433734939763 0.033 0.01882530120481928
0 0.1315 0.4743975903614458 0.008 0.04668674698795181
0 0.10125 0.47703313253012053 0.0085 0.0444277108433735
0 0.162 0.4728915662650603 0.008 0.043674698795180725
0 0.066 0.48343373493975905 0.009000000000000001 0.045180722891566265
0 0.051500000000000004 0.4555722891566265 0.025 0.010542168674698796
0 0.0175 0.4563253012048193 0.025 0.012048192771084338
0 0.09525 0.21950301204819278 0.0245 0.009789156626506024
0 0.010750000000000001 0.2428463855421687 0.0105 0.051957831325301206
0 0.05825 0.21347891566265062 0.0265 0.01280120481927711
0 0.0055 0.7387048192771085 0.009000000000000001 0.04969879518072289
0 0.02425 0.7266566265060241 0.006500000000000001 0.04668674698795181
0 0.02375 0.776355421686747 0.0325 0.01957831325301205
0 0.0675 0.7590361445783133 0.025 0.01807228915662651
0 0.0945 0.7082078313253013 0.009000000000000001 0.04593373493975904
0 0.07375 0.7183734939759037 0.006500000000000001 0.0391566265060241
0 0.051250000000000004 0.7262801204819277 0.0075 0.04141566265060241
0 0.1145 0.7018072289156627 0.006 0.043674698795180725
0 0.1855 0.7232680722891567 0.023 0.017319277108433735
0 0.2715 0.6634036144578314 0.033 0.021084337349397592
0 0.33225 0.621987951807229 0.029500000000000002 0.021084337349397592
0 0.3305 0.6645331325301205 0.03 0.02033132530120482
0 0.334 0.5783132530120483 0.031 0.01957831325301205
0 0.32275 0.533132530120482 0.0305 0.016566265060240965
0 0.3885 0.6442018072289157 0.026000000000000002 0.015813253012048195
0 0.389 0.6197289156626506 0.025 0.016566265060240965
0 0.39 0.595632530120482 0.027 0.015060240963855422
0 0.39075 0.5707831325301205 0.0275 0.01807228915662651
0 0.47025 0.5952560240963856 0.0245 0.014307228915662652
0 0.47075 0.572289156626506 0.0245 0.016566265060240965
0 0.47025 0.617093373493976 0.021500000000000002 0.015813253012048195
0 0.45375 0.5444277108433735 0.0235 0.015060240963855422
0 0.2095 0.9506777108433735 0.032 0.029367469879518073
0 0.171 0.9551957831325302 0.038 0.02635542168674699
0 0.1995 0.9126506024096386 0.033 0.02560240963855422
0 0.29 0.4039909638554217 0.03 0.017319277108433735
0 0.28775 0.4310993975903615 0.0325 0.014307228915662652
0 0.28750000000000003 0.45707831325301207 0.032 0.01355421686746988
0 0.388 0.4198042168674699 0.025 0.015813253012048195
0 0.38875 0.44465361445783136 0.025500000000000002 0.01882530120481928
0 0.386 0.4672439759036145 0.026000000000000002 0.01280120481927711
0 0.38175000000000003 0.3685993975903615 0.0245 0.01280120481927711
0 0.26125 0.3433734939759036 0.0315 0.015060240963855422
0 0.4345 0.4615963855421687 0.025 0.01355421686746988
0 0.436 0.4359939759036145 0.025 0.016566265060240965
0 0.43625 0.40850903614457834 0.0235 0.015813253012048195
0 0.4375 0.38328313253012053 0.023 0.015060240963855422
0 0.41450000000000004 0.3520331325301205 0.023 0.014307228915662652
0 0.34075 0.45707831325301207 0.021500000000000002 0.012048192771084338
0 0.3415 0.4375 0.022 0.012048192771084338
0 0.3425 0.4182981927710844 0.021 0.014307228915662652
0 0.34375 0.396460843373494 0.0225 0.01280120481927711
0 0.33725 0.375 0.0205 0.01355421686746988
0 0.3205 0.35316265060240964 0.022 0.01355421686746988
0 0.28800000000000003 0.9164156626506025 0.031 0.02710843373493976
0 0.28800000000000003 0.8968373493975904 0.034 0.03162650602409639
0 0.256 0.8298192771084337 0.033 0.024096385542168676
0 0.28875 0.8753765060240964 0.0335 0.02635542168674699
0 0.28625 0.8610692771084337 0.0315 0.02033132530120482
0 0.276 0.8557981927710844 0.033 0.02033132530120482
0 0.26925 0.8471385542168676 0.0315 0.01807228915662651
0 0.26 0.8433734939759037 0.029 0.021084337349397592
0 0.2535 0.8177710843373495 0.033 0.01807228915662651
0 0.243 0.8117469879518072 0.033 0.01957831325301205
0 0.23550000000000001 0.8042168674698795 0.033 0.01807228915662651
0 0.228 0.8008283132530121 0.032 0.01882530120481928
0 0.33925 0.8987198795180723 0.035500000000000004 0.027861445783132533
0 0.34425 0.8738704819277109 0.0335 0.030873493975903617
0 0.34575 0.8460090361445783 0.0345 0.029367469879518073
0 0.34025 0.8317018072289157 0.035500000000000004 0.024849397590361446
0 0.3285 0.8249246987951807 0.035 0.023343373493975906
0 0.31825000000000003 0.817394578313253 0.0365 0.024849397590361446
0 0.31275000000000003 0.8023343373493976 0.0345 0.027861445783132533
0 0.30775 0.7850150602409639 0.0325 0.021837349397590362
0 0.297 0.7789909638554218 0.034 0.02033132530120482
0 0.28675 0.773343373493976 0.0345 0.016566265060240965
0 0.51775 0.7093373493975904 0.0195 0.016566265060240965
0 0.517 0.730421686746988 0.02 0.016566265060240965
0 0.5165 0.7522590361445783 0.019 0.016566265060240965
0 0.51575 0.7737198795180723 0.0205 0.017319277108433735
0 0.51425 0.7932981927710844 0.0195 0.017319277108433735
0 0.489 0.674698795180723 0.019 0.015060240963855422
0 0.4825 0.8008283132530121 0.02 0.017319277108433735
0 0.481 0.7865210843373495 0.017 0.01882530120481928
0 0.4825 0.768448795180723 0.018000000000000002 0.014307228915662652
0 0.459 0.7398343373493976 0.022 0.015813253012048195
0 0.551 0.7345632530120483 0.022 0.01882530120481928
0 0.54925 0.7552710843373495 0.0235 0.01807228915662651
0 0.88025 0.048945783132530125 0.0235 0.012048192771084338