0 0.45454545454545453 0.5625 0.05194805194805195 0.045
0 0.3560606060606061 0.7275 0.04112554112554113 0.035
0 0.5108225108225108 0.7025 0.03463203463203463 0.035
0 0.5768398268398268 0.7325 0.049783549783549784 0.105
0 0.6482683982683982 0.61 0.023809523809523808 0.03
0 0.7662337662337663 0.505 0.030303030303030304 0.03
0 0.8344155844155844 0.5725 0.0367965367965368 0.045
0 0.2694805194805195 0.6675 0.023809523809523808 0.025
0 0.22077922077922077 0.6825 0.021645021645021644 0.025
0 0.12554112554112554 0.34750000000000003 0.021645021645021644 0.025
0 0.19480519480519481 0.40750000000000003 0.021645021645021644 0.025
0 0.06060606060606061 0.4225 0.017316017316017316 0.025
0 0.4902597402597403 0.17500000000000002 0.19696969696969696 0.18
0 0.06277056277056277 0.5475 0.025974025974025976 0.025