0 0.45625 0.7156250000000001 0.19791666666666666 0.11125
0 0.3111979166666667 0.7672916666666667 0.08854166666666667 0.06041666666666667
0 0.7075520833333333 0.6520833333333333 0.1015625 0.10500000000000001
0 0.20234375 0.7635416666666667 0.10416666666666667 0.11791666666666667
0 0.31145833333333334 0.6854166666666667 0.04895833333333333 0.0825
0 0.44101562499999997 0.5797916666666667 0.08411458333333333 0.12291666666666667
0 0.5875 0.5847916666666667 0.04479166666666667 0.07708333333333334
0 0.13893229166666665 0.4577083333333334 0.05026041666666667 0.05625
0 0.2643229166666667 0.38583333333333336 0.06770833333333333 0.05
0 0.390625 0.1391666666666667 0.10677083333333333 0.07500000000000001
0 0.5796875 0.28395833333333337 0.06041666666666667 0.03125
0 0.6028645833333334 0.6587500000000001 0.09114583333333333 0.05