0 0.15392561983471076 0.1779359430604982 0.09504132231404959 0.08540925266903915
0 0.17458677685950413 0.44306049822064053 0.09710743801652894 0.11387900355871886
0 0.04493801652892562 0.3674377224199288 0.036157024793388434 0.04804270462633452
0 0.4612603305785124 0.3834519572953736 0.10847107438016529 0.16192170818505336
0 0.32334710743801653 0.17348754448398576 0.11776859504132231 0.10142348754448398
0 0.7463842975206612 0.30782918149466193 0.10847107438016529 0.10676156583629892
0 0.4065082644628099 0.847864768683274 0.04855371900826447 0.06227758007117437
0 0.40392561983471076 0.695729537366548 0.04338842975206612 0.03558718861209964
0 0.17458677685950413 0.701067615658363 0.0371900826446281 0.03914590747330961
0 0.7866735537190083 0.7330960854092526 0.07954545454545454 0.03914590747330961
0 0.628099173553719 0.6681494661921707 0.11363636363636365 0.11565836298932383
0 0.5087809917355373 0.8176156583629893 0.04442148760330579 0.03380782918149466
0 0.5077479338842975 0.6725978647686832 0.04855371900826447 0.021352313167259787
0 0.2722107438016529 0.7046263345195729 0.12293388429752067 0.11743772241992882
0 0.6544421487603306 0.12544483985765123 0.11466942148760331 0.15124555160142347
0 0.8104338842975207 0.20551601423487542 0.10847107438016529 0.0693950177935943
0 0.6012396694214877 0.3887900355871886 0.1012396694214876 0.10498220640569395