0 0.7679036458333333 0.159912109375 0.055338541666666664 0.16455078125
0 0.5530598958333333 0.07177734375 0.041015625 0.1435546875
0 0.267578125 0.240966796875 0.022135416666666664 0.11572265625
0 0.52734375 0.531005859375 0.26171875 0.06591796875
0 0.7786458333333333 0.529541015625 0.24348958333333331 0.05029296875
0 0.07584635416666666 0.53125 0.13736979166666666 0.05078125
0 0.22493489583333331 0.53271484375 0.09049479166666666 0.03515625
0 0.9358723958333333 0.5322265625 0.07096354166666666 0.0234375
0 0.23274739583333331 0.458984375 0.07486979166666666 0.0576171875
0 0.08658854166666666 0.42236328125 0.11067708333333333 0.08203125
0 0.5061848958333333 0.38671875 0.15950520833333331 0.1142578125
0 0.7220052083333333 0.4296875 0.11067708333333333 0.0859375