0 0.5251479289940828 0.53 0.257396449704142 0.06444444444444444
0 0.7766272189349113 0.5255555555555556 0.23964497041420119 0.042222222222222223
0 0.507396449704142 0.38555555555555554 0.15680473372781065 0.11333333333333333
0 0.7662721893491125 0.16111111111111112 0.05325443786982249 0.16666666666666666
0 0.5428994082840236 0.07111111111111111 0.05029585798816568 0.14222222222222222
0 0.07692307692307693 0.53 0.14792899408284024 0.05555555555555555
0 0.22485207100591714 0.5288888888888889 0.08284023668639053 0.035555555555555556
0 0.09023668639053255 0.42 0.10946745562130178 0.08
0 0.22928994082840237 0.4577777777777778 0.07988165680473372 0.057777777777777775
0 0.7174556213017751 0.4255555555555556 0.12130177514792899 0.08222222222222222
0 0.2662721893491124 0.24 0.029585798816568046 0.1111111111111111