0 0.16666666666666666 0.13962108731466227 0.051470588235294115 0.05518945634266886
0 0.07230392156862744 0.3978583196046129 0.12377450980392157 0.10543657331136738
0 0.2107843137254902 0.3628500823723229 0.03553921568627451 0.04365733113673806
0 0.3069852941176471 0.4242174629324547 0.0428921568627451 0.0214168039538715
0 0.3290441176470588 0.6371499176276771 0.04044117647058824 0.025535420098846788
0 0.4368872549019608 0.4114497528830313 0.044117647058823525 0.018945634266886325
0 0.5358455882352942 0.4308072487644152 0.042279411764705885 0.02471169686985173
0 0.4270833333333333 0.5160626029654036 0.0392156862745098 0.03871499176276771
0 0.4806985294117647 0.693163097199341 0.0900735294117647 0.09967051070840198
0 0.3694852941176471 0.8649093904448105 0.020833333333333332 0.04118616144975289
0 0.2956495098039216 0.8542009884678748 0.027573529411764705 0.02800658978583196
0 0.24295343137254902 0.8369028006589786 0.03125 0.013179571663920923
0 0.1795343137254902 0.8504942339373971 0.023284313725490197 0.022240527182866558
0 0.6810661764705882 0.5078253706754531 0.09987745098039215 0.07166392092257001
0 0.7974877450980392 0.7034596375617792 0.09375 0.09225700164744646
0 0.7650122549019608 0.19810543657331137 0.08762254901960784 0.05024711696869852
0 0.9172794117647058 0.32619439868204286 0.08455882352941177 0.0757825370675453