0 0.4982456140350877 0.1261682242990654 0.36140350877192984 0.1822429906542056
0 0.10789473684210527 0.586448598130841 0.04736842105263158 0.09345794392523364
0 0.1956140350877193 0.44742990654205606 0.11052631578947368 0.035046728971962614
0 0.17280701754385966 0.49883177570093457 0.11052631578947368 0.0397196261682243
0 0.3491228070175439 0.40887850467289716 0.0736842105263158 0.07476635514018691
0 0.4342105263157895 0.3901869158878504 0.10350877192982456 0.04205607476635514
0 0.5350877192982456 0.3925233644859813 0.08771929824561403 0.0794392523364486
0 0.6114035087719298 0.4252336448598131 0.05789473684210526 0.07476635514018691
0 0.6912280701754386 0.397196261682243 0.0912280701754386 0.0514018691588785
0 0.6885964912280702 0.45443925233644855 0.0824561403508772 0.04906542056074766
0 0.781578947368421 0.4287383177570093 0.08947368421052632 0.07242990654205607
0 0.27982456140350875 0.5093457943925234 0.07192982456140351 0.09345794392523364
0 0.193859649122807 0.5525700934579438 0.10350877192982456 0.03037383177570093
0 0.18596491228070175 0.6273364485981308 0.08070175438596491 0.10514018691588785
0 0.10350877192982456 0.6728971962616822 0.07719298245614035 0.04205607476635514
0 0.2657894736842105 0.6016355140186915 0.07894736842105263 0.0630841121495327
0 0.20964912280701756 0.7056074766355139 0.08596491228070176 0.06542056074766354
0 0.12280701754385966 0.7488317757009345 0.07719298245614035 0.08177570093457943
0 0.1649122807017544 0.8119158878504672 0.07719298245614035 0.08177570093457943
0 0.24736842105263157 0.7838785046728971 0.0736842105263158 0.08644859813084112
0 0.3429824561403509 0.7908878504672897 0.09649122807017545 0.09579439252336448
0 0.3991228070175439 0.8387850467289719 0.11403508771929825 0.0514018691588785
0 0.3263157894736842 0.8785046728971962 0.10175438596491228 0.07476635514018691
0 0.43947368421052635 0.8995327102803737 0.1 0.03271028037383177
0 0.5149122807017544 0.7371495327102803 0.04035087719298246 0.10514018691588785
0 0.45 0.7476635514018691 0.06842105263157895 0.11214953271028036
0 0.3333333333333333 0.7184579439252335 0.12280701754385966 0.0397196261682243
0 0.31315789473684214 0.6577102803738317 0.10701754385964912 0.053738317757009345
0 0.41578947368421054 0.6507009345794392 0.08421052631578947 0.07242990654205607
0 0.5070175438596491 0.6413551401869159 0.10175438596491228 0.0630841121495327
0 0.512280701754386 0.5478971962616822 0.06666666666666667 0.10046728971962617
0 0.35000000000000003 0.5841121495327103 0.0824561403508772 0.06074766355140186
0 0.35350877192982455 0.5081775700934579 0.07543859649122807 0.08177570093457943
0 0.4359649122807018 0.5630841121495327 0.07192982456140351 0.07476635514018691
0 0.4324561403508772 0.4742990654205607 0.0824561403508772 0.08878504672897196
0 0.518421052631579 0.45911214953271023 0.08947368421052632 0.04439252336448598
0 0.6482456140350877 0.5257009345794392 0.0824561403508772 0.0794392523364486
0 0.6263157894736843 0.5981308411214953 0.09473684210526316 0.06542056074766354
0 0.6078947368421053 0.661214953271028 0.1 0.06074766355140186
0 0.5421052631578948 0.9007009345794392 0.08070175438596491 0.04439252336448598
0 0.506140350877193 0.8329439252336448 0.0824561403508772 0.0630841121495327
0 0.6850877192982456 0.8107476635514018 0.07192982456140351 0.09345794392523364
0 0.6456140350877193 0.8948598130841121 0.10526315789473685 0.05607476635514018
0 0.743859649122807 0.8738317757009345 0.0736842105263158 0.06542056074766354
0 0.7578947368421053 0.7733644859813084 0.06666666666666667 0.09345794392523364
0 0.8228070175438597 0.7207943925233644 0.06666666666666667 0.08177570093457943
0 0.8201754385964912 0.8434579439252335 0.0649122807017544 0.08878504672897196
0 0.8885964912280702 0.7616822429906541 0.07192982456140351 0.08878504672897196
0 0.8245614035087719 0.608644859813084 0.07017543859649122 0.10981308411214953
0 0.7605263157894737 0.6366822429906541 0.043859649122807015 0.1378504672897196
0 0.7026315789473684 0.6483644859813084 0.07543859649122807 0.07710280373831775
0 0.6745614035087719 0.733644859813084 0.09649122807017545 0.0794392523364486
0 0.5807017543859649 0.7535046728971962 0.06315789473684211 0.10046728971962617
0 0.9008771929824562 0.6542056074766355 0.08947368421052632 0.09345794392523364
0 0.8929824561403509 0.5595794392523364 0.06666666666666667 0.08177570093457943
0 0.7157894736842105 0.5490654205607476 0.06315789473684211 0.09813084112149532
0 0.7868421052631579 0.5081775700934579 0.06842105263157895 0.08177570093457943
0 0.868421052631579 0.4859813084112149 0.04912280701754386 0.07009345794392523
0 0.5877192982456141 0.5268691588785046 0.06666666666666667 0.10046728971962617
0 0.2280701754385965 0.866822429906542 0.08070175438596491 0.05607476635514018