0 0.5685714285714286 0.18843683083511778 0.1457142857142857 0.04282655246252677
0 0.07285714285714286 0.4261241970021413 0.03428571428571429 0.05139186295503212
0 0.5721428571428572 0.9668094218415418 0.06428571428571428 0.049250535331905786
0 0.6671428571428571 0.9068522483940044 0.06 0.04068522483940043
0 0.7485714285714286 0.8458244111349037 0.05714285714285714 0.04282655246252677
0 0.8292857142857143 0.797644539614561 0.05 0.036402569593147756
0 0.9014285714285715 0.7473233404710922 0.045714285714285714 0.034261241970021415
0 0.10571428571428572 0.7291220556745183 0.022857142857142857 0.04068522483940043
0 0.17714285714285713 0.6884368308351179 0.022857142857142857 0.04068522483940043
0 0.3221428571428571 0.6252676659528908 0.02142857142857143 0.034261241970021415
0 0.4635714285714286 0.5406852248394005 0.02142857142857143 0.032119914346895075
0 0.5407142857142857 0.5299785867237687 0.024285714285714285 0.032119914346895075