0 0.4527501462843768 0.24972937865338818 0.18373317729666472 0.05737172548170599
0 0.8206553540081919 0.221909504221693 0.028086600351082507 0.11864039835462221
0 0.824093036863663 0.2727863173847153 0.023551784669397308 0.043299415457891316
0 0.8104885898186074 0.29400303095908203 0.010093622001170276 0.021649707728945658
0 0.32870099473376246 0.24085299848452044 0.051492100643651256 0.07166053258281013
0 0.441193680514921 0.7098939164321282 0.03159742539496782 0.012556830482788483
0 0.42042129900526626 0.7088114310456809 0.011117612638970159 0.014721801255683047
0 0.31158572264482154 0.7269971855379952 0.011117612638970159 0.004329941545789131
0 0.3044909303686366 0.7261311972288373 0.0033645406670567584 0.004762935700368045
0 0.6320947922761849 0.7268889369993505 0.011410181392627268 0.004113444468499675
0 0.6250731421884143 0.726672439922061 0.0032182562902282035 0.004546438623078589
0 0.728349912229374 0.7258064516129032 0.004095962551199532 0.0054124269322364145
0 0.7362492685781159 0.726672439922061 0.011117612638970159 0.004546438623078589
0 0.5205529549444119 0.6550119073392509 0.004827384435342305 0.004113444468499675