0 0.48766666666666664 0.5845 0.17933333333333332 0.07100000000000001
0 0.494 0.506 0.14133333333333334 0.078
0 0.5213333333333333 0.394 0.04 0.038
0 0.6739999999999999 0.48 0.024 0.042
0 0.698 0.2995 0.184 0.069
0 0.6996666666666667 0.2115 0.14866666666666667 0.093
0 0.2823333333333333 0.2175 0.16066666666666665 0.091
0 0.4983333333333333 0.0465 0.06999999999999999 0.037
0 0.11299999999999999 0.6085 0.028666666666666667 0.037
0 0.36633333333333334 0.614 0.07133333333333333 0.038
0 0.355 0.59 0.056666666666666664 0.03
0 0.5609999999999999 0.451 0.094 0.04
0 0.5003333333333333 0.07200000000000001 0.06999999999999999 0.024