0 0.8647058823529412 0.6161879895561357 0.09411764705882353 0.03133159268929504
0 0.41470588235294115 0.47780678851174935 0.049019607843137254 0.0835509138381201
0 0.08431372549019608 0.2754569190600522 0.027450980392156862 0.07571801566579635
0 0.9215686274509803 0.3289817232375979 0.01568627450980392 0.020887728459530026
0 0.9431372549019608 0.3237597911227154 0.023529411764705882 0.020887728459530026
0 0.9637254901960784 0.3224543080939948 0.01764705882352941 0.02349869451697128
0 0.9205882352941176 0.34986945169712796 0.01764705882352941 0.020887728459530026
0 0.9431372549019608 0.3472584856396867 0.0196078431372549 0.02610966057441253
0 0.9637254901960784 0.34595300261096606 0.01764705882352941 0.02349869451697128
0 0.9225490196078431 0.37467362924281983 0.01764705882352941 0.02349869451697128
0 0.9441176470588235 0.3720626631853786 0.021568627450980392 0.018276762402088774
0 0.9637254901960784 0.36945169712793735 0.01764705882352941 0.018276762402088774
0 0.9235294117647058 0.3981723237597911 0.0196078431372549 0.02349869451697128
0 0.9441176470588235 0.39556135770234985 0.021568627450980392 0.02349869451697128
0 0.9647058823529412 0.39295039164490864 0.0196078431372549 0.02349869451697128
0 0.9215686274509803 0.4216710182767624 0.0196078431372549 0.02349869451697128
0 0.9431372549019608 0.42036553524804177 0.023529411764705882 0.020887728459530026
0 0.9647058823529412 0.4164490861618799 0.0196078431372549 0.018276762402088774
0 0.9225490196078431 0.4425587467362924 0.01764705882352941 0.02349869451697128
0 0.9441176470588235 0.4412532637075718 0.01764705882352941 0.020887728459530026
0 0.9647058823529412 0.4425587467362924 0.01568627450980392 0.02349869451697128
0 0.6607843137254902 0.3616187989556136 0.011764705882352941 0.013054830287206266
0 0.6598039215686274 0.3825065274151436 0.00980392156862745 0.018276762402088774
0 0.6754901960784314 0.3616187989556136 0.013725490196078431 0.018276762402088774
0 0.6745098039215687 0.381201044386423 0.01568627450980392 0.020887728459530026
0 0.6764705882352942 0.4007832898172324 0.011764705882352941 0.018276762402088774
0 0.6764705882352942 0.4216710182767624 0.011764705882352941 0.018276762402088774
0 0.6764705882352942 0.4399477806788512 0.011764705882352941 0.018276762402088774
0 0.6764705882352942 0.45822454308093996 0.011764705882352941 0.018276762402088774
0 0.6627450980392157 0.45822454308093996 0.011764705882352941 0.018276762402088774
0 0.8450980392156863 0.44778067885117495 0.01568627450980392 0.02349869451697128
0 0.8441176470588235 0.42819843342036557 0.01764705882352941 0.020887728459530026
0 0.8431372549019608 0.4046997389033943 0.0196078431372549 0.020887728459530026
0 0.8431372549019608 0.3825065274151436 0.01568627450980392 0.018276762402088774
0 0.8431372549019608 0.360313315926893 0.01568627450980392 0.020887728459530026
0 0.842156862745098 0.3381201044386423 0.01764705882352941 0.02349869451697128
0 0.7549019607843137 0.34986945169712796 0.01568627450980392 0.020887728459530026
0 0.7529411764705882 0.370757180156658 0.01568627450980392 0.020887728459530026
0 0.7549019607843137 0.391644908616188 0.01568627450980392 0.020887728459530026
0 0.7558823529411764 0.45300261096605743 0.01764705882352941 0.018276762402088774
0 0.7549019607843137 0.412532637075718 0.01568627450980392 0.020887728459530026