0 0.178125 0.5480769230769231 0.10625 0.07167832167832168
0 0.445625 0.3321678321678322 0.07875 0.04195804195804196
0 0.436875 0.1258741258741259 0.07375 0.055944055944055944
0 0.59 0.4396853146853147 0.0475 0.02972027972027972
0 0.25625 0.4729020979020979 0.0425 0.022727272727272728
0 0.21125 0.8426573426573427 0.225 0.10839160839160839
0 0.464375 0.6931818181818182 0.16625 0.10314685314685315
0 0.698125 0.6809440559440559 0.08875 0.0472027972027972
0 0.82625 0.32867132867132864 0.1275 0.06643356643356643
0 0.29875 0.5131118881118881 0.10250000000000001 0.1346153846153846
0 0.216875 0.7683566433566433 0.06375 0.03671328671328671