0 0.3723076923076923 0.10031347962382446 0.07076923076923076 0.06687565308254964
0 0.4646153846153846 0.10083594566353188 0.09076923076923077 0.07210031347962383
0 0.6096153846153847 0.08620689655172414 0.09461538461538462 0.07836990595611286
0 0.7988461538461539 0.08307210031347963 0.10076923076923076 0.08463949843260189
0 0.8984615384615384 0.08463949843260189 0.08461538461538462 0.09613375130616511
0 0.36846153846153845 0.4681295715778475 0.08461538461538462 0.06896551724137932
0 0.49923076923076926 0.4378265412748172 0.08153846153846153 0.04179728317659352
0 0.6034615384615385 0.4644723092998956 0.09 0.06374085684430512
0 0.8769230769230769 0.4190177638453501 0.09076923076923077 0.060606060606060615
0 0.49115384615384616 0.7466039707419019 0.0823076923076923 0.07210031347962383
0 0.7665384615384615 0.7110762800417973 0.05307692307692308 0.07001044932079416
0 0.5919230769230769 0.7173458725182864 0.06692307692307692 0.04911180773249739
0 0.3923076923076923 0.7445141065830722 0.055384615384615386 0.05329153605015675
0 0.8496153846153847 0.6823406478578893 0.06384615384615384 0.01671891327063741
0 0.9534615384615385 0.6875653082549635 0.06384615384615384 0.03761755485893417
0 0.7638461538461538 0.4247648902821317 0.07230769230769231 0.05120167189132707
0 0.9811538461538462 0.42894461859979105 0.036153846153846154 0.06165099268547545
0 0.04115384615384615 0.24817136886102406 0.0823076923076923 0.08463949843260189
0 0.16153846153846155 0.2220480668756531 0.07846153846153846 0.047021943573667714
0 0.040769230769230766 0.5475444096133751 0.06615384615384616 0.04179728317659352
0 0.12615384615384614 0.542319749216301 0.06461538461538462 0.04179728317659352
0 0.19384615384615383 0.5464994775339603 0.08615384615384615 0.03970741901776385
0 0.13884615384615384 0.7607105538140022 0.09461538461538462 0.03343782654127482
0 0.03807692307692308 0.8113897596656218 0.06230769230769231 0.04284221525600836
0 0.22615384615384615 0.797805642633229 0.05384615384615385 0.04284221525600836
0 0.1 0.2105538140020899 0.046153846153846156 0.03866248693834901