0 0.42312500000000003 0.06916666666666667 0.043750000000000004 0.06833333333333334
0 0.676875 0.07166666666666667 0.06625 0.043333333333333335
0 0.739375 0.065 0.02875 0.03333333333333333
0 0.790625 0.05916666666666667 0.04125 0.045000000000000005
0 0.853125 0.06166666666666667 0.04125 0.05
0 0.85375 0.09416666666666668 0.07 0.015000000000000001
0 0.92875 0.0575 0.0325 0.04166666666666667
0 0.931875 0.09250000000000001 0.07625 0.021666666666666667
0 0.6118750000000001 0.058333333333333334 0.03375 0.04666666666666667
0 0.48875 0.07 0.0425 0.06333333333333334
0 0.21875 0.5125000000000001 0.0475 0.06166666666666667