0 0.41299612778315586 0.3188140556368961 0.006534365924491772 0.018301610541727673
0 0.4426427879961278 0.2986822840409956 0.007744433688286544 0.02342606149341142
0 0.46115682478218784 0.5215959004392386 0.008470474346563409 0.008052708638360176
0 0.20704259438528558 0.3579795021961933 0.004598257502420136 0.013177159590043924
0 0.4505082284607938 0.3235724743777453 0.00750242013552759 0.008784773060029283
0 0.4408276863504356 0.36054172767203513 0.006534365924491772 0.008052708638360176
0 0.4597047434656341 0.3308931185944363 0.007986447241045498 0.005856515373352855
0 0.46853823814133594 0.36054172767203513 0.007260406582768635 0.008052708638360176
0 0.5739351403678606 0.3374816983894583 0.012826718296224589 0.020497803806734993
0 0.6141093901258471 0.33382137628111275 0.01669893514036786 0.024890190336749635
0 0.6874394966118103 0.32430453879941434 0.021055179090029044 0.027818448023426062
0 0.7739593417231365 0.32247437774524157 0.022749273959341725 0.02855051244509517
0 0.8791142303969023 0.44216691068814057 0.007986447241045498 0.013177159590043924
0 0.7045014520813165 0.6398243045387995 0.007260406582768635 0.013177159590043924
0 0.6813891577928364 0.6390922401171303 0.007018393030009681 0.01171303074670571