0 0.091875 0.03787878787878788 0.05375 0.02727272727272727
0 0.25625 0.03106060606060606 0.06 0.031818181818181815
0 0.040625 0.2628787878787879 0.08125 0.04393939393939394
0 0.42625 0.026515151515151516 0.06 0.031818181818181815
0 0.61625 0.01893939393939394 0.065 0.03484848484848485
0 0.785625 0.025757575757575757 0.06125 0.030303030303030304
0 0.95375 0.030303030303030304 0.06 0.030303030303030304
0 0.58125 0.7515151515151515 0.0625 0.02727272727272727
0 0.770625 0.7363636363636363 0.06625 0.03333333333333333
0 0.928125 0.7393939393939394 0.058750000000000004 0.030303030303030304
0 0.409375 0.7477272727272727 0.06125 0.031818181818181815
0 0.370625 0.9818181818181818 0.06625 0.030303030303030304