0 0.27956298200514135 0.535 0.044987146529562975 0.016
0 0.27988431876606684 0.5095000000000001 0.03534704370179948 0.047
0 0.012532133676092544 0.495 0.009640102827763496 0.042
0 0.010604113110539845 0.4665 0.008354755784061696 0.011
0 0.041452442159383034 0.5275 0.007069408740359897 0.035
0 0.03984575835475578 0.503 0.008997429305912595 0.012
0 0.05912596401028277 0.487 0.010282776349614395 0.014
0 0.4694730077120822 0.47850000000000004 0.04691516709511568 0.021
0 0.42705655526992287 0.7855 0.009640102827763496 0.051000000000000004
0 0.3602185089974293 0.7425 0.01992287917737789 0.013000000000000001
0 0.9765424164524421 0.382 0.009640102827763496 0.014