0 0.49775 0.49 0.1905 0.015
0 0.36975 0.55475 0.0385 0.0325
0 0.491 0.55375 0.038 0.0335
0 0.614 0.5555 0.04 0.033
0 0.37075 0.657 0.0375 0.037
0 0.4915 0.658 0.039 0.037
0 0.612 0.6567500000000001 0.039 0.0385
0 0.501 0.45925 0.039 0.0055
0 0.69575 0.74025 0.0285 0.0305
0 0.4295 0.7965 0.035 0.022
0 0.2985 0.76575 0.038 0.0235
0 0.2885 0.73975 0.03 0.0325
0 0.4305 0.82425 0.036000000000000004 0.0165
0 0.55925 0.79525 0.035500000000000004 0.0205
0 0.559 0.8235 0.037 0.015
0 0.6880000000000001 0.76825 0.037 0.021500000000000002
0 0.684 0.7965 0.039 0.028