0 0.43872180451127823 0.24066666666666667 0.2443609022556391 0.09733333333333333
0 0.606015037593985 0.22533333333333333 0.07969924812030076 0.128
0 0.9127819548872181 0.2513333333333333 0.07218045112781955 0.036
0 0.9612781954887218 0.24933333333333332 0.026315789473684213 0.042666666666666665
0 0.24962406015037594 0.8353333333333333 0.02556390977443609 0.04666666666666666
0 0.2635338345864662 0.8119999999999999 0.009774436090225564 0.018666666666666665
0 0.29248120300751884 0.762 0.02406015037593985 0.04133333333333333
0 0.30714285714285716 0.7353333333333333 0.008270676691729324 0.02
0 0.29323308270676696 0.836 0.02406015037593985 0.042666666666666665
0 0.3067669172932331 0.8099999999999999 0.009022556390977444 0.017333333333333333
0 0.26315789473684215 0.886 0.010526315789473686 0.014666666666666666
0 0.22030075187969927 0.8866666666666666 0.010526315789473686 0.016
0 0.30526315789473685 0.8873333333333333 0.012030075187969926 0.014666666666666666
0 0.2943609022556391 0.6839999999999999 0.02330827067669173 0.04533333333333333
0 0.028947368421052635 0.5253333333333333 0.024812030075187973 0.042666666666666665
0 0.07255639097744361 0.45 0.024812030075187973 0.04133333333333333
0 0.11578947368421054 0.3753333333333333 0.02406015037593985 0.04133333333333333
0 0.029323308270676692 0.4513333333333333 0.02556390977443609 0.04133333333333333
0 0.07293233082706767 0.37466666666666665 0.02556390977443609 0.04533333333333333
0 0.031203007518796993 0.37466666666666665 0.024812030075187973 0.04533333333333333
0 0.04323308270676692 0.5013333333333333 0.009774436090225564 0.018666666666666665
0 0.0868421052631579 0.426 0.008270676691729324 0.017333333333333333
0 0.13082706766917293 0.35 0.009022556390977444 0.017333333333333333
0 0.0443609022556391 0.42466666666666664 0.009022556390977444 0.017333333333333333
0 0.08721804511278196 0.35133333333333333 0.009022556390977444 0.02
0 0.04548872180451128 0.34933333333333333 0.008270676691729324 0.016
0 0.25 0.3913333333333333 0.02030075187969925 0.03866666666666667
0 0.26278195488721806 0.41333333333333333 0.006766917293233083 0.018666666666666665
0 0.2135338345864662 0.39199999999999996 0.02105263157894737 0.034666666666666665