0 0.14083333333333334 0.401875 0.13833333333333334 0.02125
0 0.3075 0.405625 0.13833333333333334 0.02375
0 0.47750000000000004 0.404375 0.14500000000000002 0.02125
0 0.12666666666666668 0.483125 0.1366666666666667 0.02375
0 0.30000000000000004 0.483125 0.14333333333333334 0.02375
0 0.47250000000000003 0.48375 0.15166666666666667 0.0275
0 0.6433333333333334 0.47125 0.15000000000000002 0.0225
0 0.6416666666666667 0.39375 0.14 0.0225
0 0.8108333333333334 0.37875000000000003 0.14500000000000002 0.025
0 0.8158333333333334 0.45875 0.14833333333333334 0.025
0 0.12666666666666668 0.564375 0.15000000000000002 0.02625
0 0.13833333333333334 0.645625 0.16 0.02625
0 0.14166666666666666 0.74375 0.16333333333333333 0.03
0 0.3041666666666667 0.564375 0.15166666666666667 0.02875
0 0.32583333333333336 0.64625 0.155 0.025
0 0.335 0.7375 0.15666666666666668 0.0325
0 0.5216666666666667 0.7425 0.16333333333333333 0.0275
0 0.5075000000000001 0.645625 0.155 0.02875
0 0.48250000000000004 0.5625 0.15166666666666667 0.0225
0 0.66 0.55 0.15000000000000002 0.025
0 0.6916666666666668 0.635625 0.16 0.02875
0 0.7166666666666667 0.73625 0.16 0.035
0 0.8400000000000001 0.5387500000000001 0.15000000000000002 0.025
0 0.8733333333333334 0.62125 0.15333333333333335 0.0275
0 0.9091666666666667 0.711875 0.15833333333333335 0.03125