0 0.5118181818181818 0.40938511326860844 0.13636363636363635 0.2621359223300971
0 0.6618181818181819 0.3608414239482201 0.14181818181818182 0.09385113268608415
0 0.8236363636363636 0.3673139158576052 0.12 0.08090614886731393
0 0.8381818181818181 0.441747572815534 0.08363636363636363 0.0744336569579288
0 0.6663636363636364 0.4449838187702266 0.1 0.06148867313915858
0 0.4690909090909091 0.18932038834951456 0.07272727272727272 0.06796116504854369
0 0.33454545454545453 0.19902912621359226 0.08363636363636363 0.05501618122977347
0 0.2 0.19579288025889968 0.08727272727272728 0.06148867313915858
0 0.2318181818181818 0.42394822006472493 0.11454545454545455 0.22653721682847897
0 0.37 0.4190938511326861 0.13272727272727272 0.2750809061488673
0 0.05454545454545454 0.4110032362459547 0.10909090909090909 0.2524271844660194
0 0.9427272727272727 0.30582524271844663 0.10727272727272727 0.08090614886731393