0 0.43038461538461537 0.803312629399586 0.03461538461538462 0.09523809523809525
0 0.46 0.4254658385093168 0.023076923076923078 0.08488612836438925
0 0.3626923076923077 0.25983436853002073 0.036153846153846154 0.051759834368530024
0 0.2 0.5093167701863355 0.05692307692307692 0.035196687370600416
0 0.37576923076923074 0.5414078674948241 0.031538461538461536 0.04554865424430642
0 0.64 0.6319875776397516 0.05076923076923077 0.07142857142857144
0 0.15730769230769232 0.7820910973084887 0.025384615384615384 0.08178053830227744
0 0.21807692307692308 0.7132505175983438 0.057692307692307696 0.07453416149068323
0 0.8384615384615385 0.5952380952380952 0.06 0.06004140786749483
0 0.8984615384615384 0.2644927536231884 0.04461538461538461 0.06107660455486543
0 0.7826923076923077 0.4078674948240166 0.04384615384615385 0.041407867494824016
0 0.12076923076923077 0.4389233954451346 0.046153846153846156 0.053830227743271224
0 0.49884615384615383 0.6030020703933748 0.06846153846153846 0.06107660455486543
0 0.48115384615384615 0.2184265010351967 0.03461538461538462 0.04554865424430642
0 0.3273076923076923 0.8007246376811594 0.06846153846153846 0.040372670807453416
0 0.07807692307692307 0.5005175983436854 0.057692307692307696 0.034161490683229816