0 0.734 0.325 0.030666666666666665 0.14047619047619048
0 0.3773333333333333 0.9416666666666668 0.056 0.026190476190476195
0 0.7973333333333333 0.32261904761904764 0.034666666666666665 0.13571428571428573
0 0.8573333333333333 0.3285714285714286 0.032 0.13333333333333336
0 0.9259999999999999 0.3273809523809524 0.03333333333333333 0.13095238095238096
0 0.7433333333333333 0.45833333333333337 0.028 0.026190476190476195
0 0.8053333333333333 0.4535714285714286 0.034666666666666665 0.026190476190476195
0 0.8646666666666666 0.4535714285714286 0.028 0.02142857142857143
0 0.9333333333333333 0.45119047619047625 0.029333333333333333 0.02142857142857143
0 0.7286666666666667 0.28690476190476194 0.012 0.05952380952380953
0 0.11599999999999999 0.2535714285714286 0.034666666666666665 0.15952380952380954
0 0.248 0.2666666666666667 0.034666666666666665 0.1523809523809524
0 0.36533333333333334 0.2678571428571429 0.032 0.14523809523809525
0 0.43866666666666665 0.2678571428571429 0.018666666666666665 0.11666666666666668
0 0.36933333333333335 0.380952380952381 0.026666666666666665 0.01904761904761905
0 0.12333333333333332 0.37500000000000006 0.03333333333333333 0.02142857142857143
0 0.2533333333333333 0.38452380952380955 0.032 0.02142857142857143
0 0.4433333333333333 0.37500000000000006 0.02 0.02142857142857143
0 0.10733333333333334 0.20714285714285716 0.014666666666666666 0.06190476190476191
0 0.23666666666666666 0.22380952380952382 0.012 0.06666666666666668
0 0.35533333333333333 0.2273809523809524 0.012 0.05952380952380953
0 0.612 0.3726190476190476 0.029333333333333333 0.045238095238095244
0 0.6693333333333333 0.37023809523809526 0.04 0.04047619047619048
0 0.6086666666666667 0.27380952380952384 0.044 0.05238095238095239
0 0.6679999999999999 0.2773809523809524 0.056 0.05476190476190477
0 0.688 0.2619047619047619 0.016 0.01904761904761905
0 0.7899999999999999 0.2833333333333334 0.014666666666666666 0.05714285714285715
0 0.852 0.2904761904761905 0.013333333333333332 0.05714285714285715
0 0.9206666666666666 0.2892857142857143 0.014666666666666666 0.05476190476190477