0 0.8832599118942732 0.18502202643171808 0.10132158590308371 0.061674008810572695
0 0.1288546255506608 0.13325991189427314 0.11674008810572688 0.06387665198237887
0 0.8821585903083701 0.6740088105726872 0.21365638766519826 0.08370044052863437
0 0.12665198237885464 0.6883259911894274 0.24008810572687228 0.09030837004405287
0 0.6002202643171807 0.6795154185022028 0.27973568281938327 0.14757709251101322
0 0.3259911894273128 0.6629955947136564 0.09691629955947137 0.12334801762114539
0 0.4350220264317181 0.5077092511013216 0.019823788546255508 0.015418502202643174
0 0.3755506607929516 0.5187224669603525 0.015418502202643174 0.019823788546255508
0 0.4713656387665199 0.5242290748898679 0.013215859030837006 0.01762114537444934
0 0.49339207048458156 0.49889867841409696 0.01762114537444934 0.015418502202643174
0 0.5462555066079295 0.49339207048458156 0.01762114537444934 0.01762114537444934
0 0.5297356828193833 0.5165198237885463 0.015418502202643174 0.015418502202643174
0 0.5881057268722467 0.5077092511013216 0.01762114537444934 0.011013215859030838
0 0.6024229074889869 0.48568281938325997 0.015418502202643174 0.015418502202643174
0 0.6453744493392071 0.49889867841409696 0.01762114537444934 0.015418502202643174