0 0.5805785123966942 0.610248447204969 0.2066115702479339 0.11490683229813664
0 0.6663223140495868 0.47515527950310554 0.24173553719008264 0.12422360248447203
0 0.2334710743801653 0.5807453416149068 0.05371900826446281 0.024844720496894408
0 0.13636363636363635 0.6133540372670807 0.06198347107438017 0.05279503105590062
0 0.3037190082644628 0.3385093167701863 0.05371900826446281 0.03105590062111801
0 0.8378099173553719 0.32608695652173914 0.047520661157024795 0.03105590062111801
0 0.16012396694214875 0.10403726708074533 0.030991735537190084 0.03416149068322981
0 0.16219008264462811 0.20186335403726707 0.030991735537190084 0.03105590062111801
0 0.16322314049586778 0.296583850931677 0.03305785123966942 0.03416149068322981
0 0.16425619834710745 0.39751552795031053 0.03512396694214876 0.037267080745341616
0 0.16632231404958678 0.48913043478260865 0.030991735537190084 0.040372670807453416
0 0.23553719008264462 0.15217391304347824 0.03305785123966942 0.037267080745341616
0 0.23863636363636365 0.24844720496894407 0.03512396694214876 0.03105590062111801
0 0.23760330578512398 0.3416149068322981 0.028925619834710745 0.037267080745341616
0 0.23657024793388431 0.05590062111801242 0.030991735537190084 0.03105590062111801
0 0.3904958677685951 0.43944099378881984 0.03305785123966942 0.040372670807453416
0 0.3904958677685951 0.343167701863354 0.028925619834710745 0.040372670807453416
0 0.3894628099173554 0.2453416149068323 0.030991735537190084 0.037267080745341616
0 0.38842975206611574 0.15217391304347824 0.03305785123966942 0.037267080745341616
0 0.3894628099173554 0.05279503105590062 0.030991735537190084 0.03105590062111801
0 0.3130165289256198 0.10559006211180123 0.030991735537190084 0.043478260869565216
0 0.4638429752066116 0.10093167701863354 0.030991735537190084 0.040372670807453416
0 0.5413223140495868 0.05279503105590062 0.028925619834710745 0.043478260869565216
0 0.5433884297520661 0.14906832298136646 0.03305785123966942 0.043478260869565216
0 0.6177685950413223 0.09627329192546583 0.03305785123966942 0.037267080745341616
0 0.6198347107438017 0.19409937888198756 0.028925619834710745 0.040372670807453416
0 0.6962809917355373 0.24378881987577639 0.03305785123966942 0.040372670807453416
0 0.6983471074380165 0.14596273291925466 0.03305785123966942 0.037267080745341616
0 0.6962809917355373 0.04813664596273291 0.028925619834710745 0.040372670807453416
0 0.7758264462809917 0.19409937888198756 0.030991735537190084 0.046583850931677016
0 0.7747933884297521 0.09316770186335403 0.028925619834710745 0.043478260869565216
0 0.8522727272727273 0.043478260869565216 0.030991735537190084 0.037267080745341616
0 0.8533057851239669 0.14440993788819875 0.03305785123966942 0.040372670807453416
0 0.9297520661157025 0.09006211180124223 0.03305785123966942 0.037267080745341616
0 0.9307851239669421 0.19254658385093165 0.030991735537190084 0.037267080745341616
0 0.9318181818181819 0.2934782608695652 0.03305785123966942 0.040372670807453416
0 0.4431818181818182 0.577639751552795 0.01859504132231405 0.024844720496894408
0 0.08367768595041322 0.686335403726708 0.1012396694214876 0.043478260869565216
0 0.9090909090909092 0.48291925465838503 0.0743801652892562 0.03416149068322981
0 0.5 0.27018633540372666 0.01652892561983471 0.012422360248447204
0 0.875 0.28416149068322977 0.014462809917355372 0.021739130434782608
0 0.2706611570247934 0.2981366459627329 0.02066115702479339 0.012422360248447204
0 0.6787190082644629 0.2795031055900621 0.014462809917355372 0.018633540372670808