0 0.33525 0.42825 0.035500000000000004 0.0425
0 0.24575 0.42225 0.0325 0.0395
0 0.56875 0.42875 0.0375 0.0395
0 0.774 0.419 0.03 0.041
0 0.211 0.63225 0.043000000000000003 0.0455
0 0.32425 0.6707500000000001 0.043500000000000004 0.0415
0 0.439 0.7030000000000001 0.046 0.039
0 0.17925 0.73825 0.0405 0.0395
0 0.28975 0.77225 0.0415 0.0395
0 0.40125 0.8065 0.0455 0.041
0 0.3315 0.547 0.036000000000000004 0.043000000000000003
0 0.44525000000000003 0.55075 0.0395 0.0395
0 0.5635 0.549 0.038 0.042
0 0.6745 0.5445 0.035 0.041
0 0.7735 0.536 0.031 0.042
0 0.55675 0.6665 0.035500000000000004 0.042
0 0.668 0.65925 0.034 0.0405
0 0.77225 0.65125 0.0335 0.0425
0 0.5505 0.77625 0.036000000000000004 0.0365
0 0.662 0.771 0.038 0.037
0 0.76325 0.76075 0.0325 0.0385
0 0.251 0.5325 0.023 0.041