0 0.24722222222222223 0.1 0.3944444444444445 0.06666666666666667
0 0.6305555555555555 0.09166666666666667 0.10555555555555556 0.05
0 0.8666666666666667 0.09444444444444444 0.1 0.05555555555555556
0 0.15555555555555556 0.3194444444444445 0.1 0.061111111111111116
0 0.6 0.3027777777777778 0.3888888888888889 0.061111111111111116
0 0.25 0.5305555555555556 0.3888888888888889 0.07222222222222223
0 0.625 0.5222222222222223 0.10555555555555556 0.05555555555555556
0 0.8611111111111112 0.5222222222222223 0.1 0.05555555555555556
0 0.1638888888888889 0.7444444444444445 0.10555555555555556 0.05555555555555556
0 0.5972222222222222 0.7305555555555556 0.37222222222222223 0.07222222222222223
0 0.25 0.9500000000000001 0.3888888888888889 0.06666666666666667
0 0.625 0.9444444444444445 0.10555555555555556 0.05555555555555556
0 0.8555555555555556 0.9472222222222223 0.1 0.05