0 0.04441913439635535 0.05654761904761904 0.05694760820045558 0.023809523809523808
0 0.11161731207289294 0.11011904761904762 0.20045558086560364 0.10714285714285714
0 0.3052391799544419 0.1056547619047619 0.04100227790432802 0.020833333333333332
0 0.5728929384965831 0.13988095238095238 0.04328018223234624 0.023809523809523808
0 0.7665148063781321 0.02976190476190476 0.0296127562642369 0.023809523809523808
0 0.7699316628701595 0.15178571428571427 0.03189066059225512 0.017857142857142856
0 0.7699316628701595 0.27232142857142855 0.02733485193621868 0.020833333333333332
0 0.6093394077448747 0.41815476190476186 0.06150341685649202 0.03273809523809523
0 0.6150341685649202 0.5714285714285714 0.0592255125284738 0.02976190476190476
0 0.6195899772209567 0.7276785714285714 0.06378132118451024 0.026785714285714284
0 0.6252847380410023 0.8779761904761905 0.06150341685649202 0.02976190476190476
0 0.08997722095671981 0.7336309523809523 0.04783599088838269 0.03869047619047619
0 0.15375854214123005 0.40476190476190477 0.03416856492027335 0.017857142857142856
0 0.32801822323462415 0.400297619047619 0.04100227790432802 0.020833333333333332
0 0.1788154897494305 0.2857142857142857 0.06150341685649202 0.023809523809523808
0 0.3462414578587699 0.15922619047619047 0.1184510250569476 0.0625
0 0.6013667425968109 0.18303571428571427 0.10478359908883826 0.050595238095238096
0 0.8416856492027335 0.06101190476190476 0.1298405466970387 0.06845238095238095
0 0.847380410022779 0.1875 0.12756264236902048 0.06547619047619047
0 0.8337129840546696 0.29910714285714285 0.10022779043280182 0.050595238095238096
0 0.7460136674259681 0.44791666666666663 0.21184510250569474 0.10416666666666666
0 0.7528473804100227 0.6071428571428571 0.20273348519362186 0.10119047619047619
0 0.7482915717539863 0.7648809523809523 0.20273348519362186 0.08928571428571427
0 0.7460136674259681 0.9151785714285714 0.15717539863325738 0.08035714285714285
0 0.20045558086560364 0.4538690476190476 0.12300683371298404 0.0744047619047619
0 0.37357630979498857 0.4508928571428571 0.12300683371298404 0.08035714285714285
0 0.21867881548974943 0.7931547619047619 0.2369020501138952 0.13392857142857142
0 0.13211845102505695 0.28273809523809523 0.018223234624145785 0.011904761904761904