0 0.13870967741935483 0.15616045845272206 0.0935483870967742 0.05444126074498567
0 0.2661290322580645 0.18481375358166188 0.07419354838709677 0.04871060171919771
0 0.3903225806451613 0.19197707736389685 0.08064516129032258 0.05730659025787965
0 0.4959677419354839 0.15472779369627507 0.09193548387096774 0.05157593123209169
0 0.6016129032258064 0.15616045845272206 0.09032258064516129 0.05444126074498567
0 0.7153225806451613 0.16475644699140402 0.09516129032258064 0.04871060171919771
0 0.8403225806451613 0.16189111747851 0.0935483870967742 0.04871060171919771
0 0.15241935483870966 0.6547277936962751 0.08225806451612903 0.04871060171919771
0 0.2870967741935484 0.6575931232091691 0.08064516129032258 0.04871060171919771
0 0.38064516129032255 0.6561604584527221 0.08709677419354839 0.05157593123209169
0 0.4975806451612903 0.6532951289398281 0.08870967741935484 0.05157593123209169
0 0.6096774193548387 0.6575931232091691 0.09032258064516129 0.04871060171919771
0 0.7104838709677419 0.6547277936962751 0.08870967741935484 0.04871060171919771
0 0.8379032258064516 0.6532951289398281 0.08548387096774193 0.05157593123209169
0 0.13548387096774195 0.1991404011461318 0.06129032258064516 0.04297994269340974
0 0.2532258064516129 0.22779369627507162 0.04838709677419355 0.04871060171919771
0 0.20080645161290323 0.22636103151862463 0.027419354838709678 0.040114613180515755
0 0.392741935483871 0.2320916905444126 0.056451612903225805 0.045845272206303724
0 0.4975806451612903 0.20200573065902577 0.05967741935483871 0.04297994269340974
0 0.5943548387096774 0.20487106017191978 0.056451612903225805 0.04297994269340974
0 0.714516129032258 0.21203438395415472 0.06129032258064516 0.045845272206303724
0 0.839516129032258 0.20773638968481375 0.06290322580645161 0.04297994269340974
0 0.8435483870967742 0.6977077363896848 0.06129032258064516 0.04297994269340974
0 0.7080645161290322 0.7048710601719197 0.06129032258064516 0.045845272206303724
0 0.6056451612903225 0.7034383954154727 0.056451612903225805 0.03724928366762178
0 0.4991935483870968 0.7005730659025787 0.05967741935483871 0.03724928366762178
0 0.3725806451612903 0.7005730659025787 0.054838709677419356 0.03724928366762178
0 0.29516129032258065 0.7034383954154727 0.054838709677419356 0.03724928366762178
0 0.1403225806451613 0.7005730659025787 0.054838709677419356 0.04297994269340974