0 0.5328125 0.22483221476510068 0.515625 0.10961968680089486
0 0.42812500000000003 0.4228187919463087 0.209375 0.058165548098434
0 0.10078125 0.3959731543624161 0.2015625 0.08501118568232661
0 0.07109375 0.4753914988814318 0.1421875 0.05145413870246085
0 0.14375000000000002 0.5123042505592841 0.10312500000000001 0.026845637583892617
0 0.1609375 0.5659955257270693 0.08125 0.026845637583892617
0 0.7375 0.4988814317673378 0.08125 0.026845637583892617
0 0.06406250000000001 0.5671140939597316 0.05 0.024608501118568233
0 0.06640625 0.26174496644295303 0.1328125 0.11185682326621924
0 0.6101562500000001 0.5055928411633109 0.0671875 0.040268456375838924
0 0.5710937500000001 0.44630872483221473 0.11406250000000001 0.04250559284116331