0 0.5044502617801048 0.429 0.1649214659685864 0.092
0 0.6698952879581153 0.4955 0.15340314136125657 0.093
0 0.33821989528795815 0.4955 0.14659685863874347 0.081
0 0.11073298429319373 0.76 0.029842931937172777 0.28600000000000003
0 0.3410994764397906 0.579 0.09581151832460734 0.066
0 0.505759162303665 0.516 0.10366492146596859 0.068
0 0.6698952879581153 0.578 0.10104712041884818 0.068
0 0.7696335078534032 0.762 0.028272251308900525 0.29
0 0.9670157068062828 0.20750000000000002 0.06492146596858639 0.073
0 0.1793193717277487 0.318 0.13560209424083772 0.22
0 0.8376963350785341 0.321 0.13089005235602097 0.20800000000000002