0 0.3625 0.04388888888888889 0.08676470588235294 0.03
0 0.37426470588235294 0.255 0.08088235294117647 0.025555555555555557
0 0.2580882352941176 0.44277777777777777 0.07794117647058824 0.023333333333333334
0 0.38088235294117645 0.44333333333333336 0.07647058823529412 0.022222222222222223
0 0.04852941176470588 0.4811111111111111 0.07647058823529412 0.024444444444444446
0 0.10661764705882353 0.66 0.075 0.024444444444444446
0 0.40441176470588236 0.6211111111111111 0.07647058823529412 0.02
0 0.21029411764705883 0.7711111111111111 0.06764705882352941 0.024444444444444446
0 0.3316176470588235 0.7733333333333333 0.08970588235294118 0.024444444444444446
0 0.4536764705882353 0.7744444444444445 0.0838235294117647 0.026666666666666665
0 0.20073529411764707 0.8366666666666667 0.0838235294117647 0.022222222222222223
0 0.3323529411764706 0.8377777777777777 0.08529411764705883 0.026666666666666665
0 0.45294117647058824 0.8394444444444444 0.08235294117647059 0.025555555555555557
0 0.425 0.9516666666666667 0.09411764705882353 0.027777777777777776
0 0.039705882352941174 0.9733333333333334 0.07352941176470588 0.026666666666666665
0 0.9338235294117647 0.02277777777777778 0.029411764705882353 0.03
0 0.5536764705882353 0.16722222222222222 0.051470588235294115 0.016666666666666666
0 0.6955882352941176 0.16277777777777777 0.029411764705882353 0.0077777777777777776
0 0.7602941176470588 0.16166666666666665 0.029411764705882353 0.0077777777777777776
0 0.8338235294117647 0.1622222222222222 0.029411764705882353 0.008888888888888889
0 0.9058823529411765 0.16055555555555556 0.032352941176470584 0.0077777777777777776
0 0.9713235294117647 0.16 0.030882352941176472 0.008888888888888889
0 0.9801470588235294 0.026111111111111113 0.025 0.03
0 0.6338235294117647 0.8655555555555555 0.03529411764705882 0.03333333333333333