0 0.7751937984496124 0.07769784172661871 0.12403100775193798 0.02302158273381295
0 0.7727713178294574 0.3449640287769784 0.11531007751937984 0.022302158273381296
0 0.7650193798449613 0.585611510791367 0.10949612403100775 0.02158273381294964
0 0.0998062015503876 0.09424460431654677 0.10271317829457365 0.01870503597122302
0 0.12112403100775193 0.3424460431654676 0.09689922480620156 0.02158273381294964
0 0.14437984496124032 0.5643884892086332 0.09108527131782945 0.022302158273381296
0 0.18507751937984496 0.6672661870503597 0.14147286821705427 0.028057553956834534
0 0.16036821705426357 0.4482014388489209 0.1501937984496124 0.025899280575539568
0 0.13953488372093023 0.21474820143884893 0.16279069767441862 0.028057553956834534
0 0.8125 0.20863309352517986 0.1812015503875969 0.030215827338129497
0 0.8028100775193798 0.460431654676259 0.1753875968992248 0.030215827338129497
0 0.7945736434108527 0.6982014388489208 0.16666666666666666 0.03093525179856115