0 0.9225000000000001 0.10105263157894737 0.05 0.03368421052631579
0 0.8683333333333334 0.11157894736842106 0.03333333333333333 0.029473684210526315
0 0.8216666666666668 0.6052631578947368 0.02666666666666667 0.035789473684210524
0 0.9083333333333334 0.6326315789473684 0.028333333333333335 0.04
0 0.7679166666666667 0.5852631578947368 0.022500000000000003 0.029473684210526315
0 0.7208333333333333 0.5621052631578948 0.023333333333333334 0.02526315789473684
0 0.6754166666666667 0.5431578947368421 0.0175 0.029473684210526315
0 0.6375000000000001 0.5221052631578947 0.018333333333333333 0.02526315789473684
0 0.5604166666666667 0.46842105263157896 0.0175 0.023157894736842106
0 0.4083333333333334 0.07578947368421052 0.015000000000000001 0.02526315789473684
0 0.5125000000000001 0.11052631578947368 0.008333333333333333 0.035789473684210524
0 0.48833333333333334 0.11052631578947368 0.006666666666666667 0.035789473684210524
0 0.44625000000000004 0.11368421052631579 0.007500000000000001 0.03789473684210526
0 0.4 0.3505263157894737 0.01 0.023157894736842106
0 0.39666666666666667 0.6010526315789474 0.01 0.035789473684210524
0 0.3825 0.5936842105263158 0.006666666666666667 0.03789473684210526
0 0.36833333333333335 0.08210526315789474 0.013333333333333334 0.02526315789473684