0 0.891796875 0.49444444444444446 0.15390625000000002 0.30833333333333335
0 0.853515625 0.23750000000000002 0.08203125 0.06944444444444445
0 0.37734375000000003 0.43125 0.1609375 0.08472222222222223
0 0.118359375 0.4326388888888889 0.16171875000000002 0.08472222222222223
0 0.118359375 0.5180555555555556 0.10703125000000001 0.06944444444444445
0 0.37421875000000004 0.5159722222222223 0.10312500000000001 0.07361111111111111
0 0.612890625 0.7208333333333333 0.030468750000000003 0.2972222222222222
0 0.583984375 0.7236111111111111 0.032031250000000004 0.2888888888888889
0 0.55234375 0.7256944444444444 0.028125 0.28194444444444444
0 0.5261718750000001 0.7229166666666667 0.030468750000000003 0.2791666666666667
0 0.6863281250000001 0.2520833333333333 0.14609375 0.21805555555555556