0 0.384 0.10982658959537572 0.168 0.10404624277456646
0 0.258 0.13439306358381503 0.06 0.10115606936416184
0 0.774 0.05346820809248554 0.26 0.10115606936416184
0 0.07100000000000001 0.17630057803468208 0.134 0.08092485549132948
0 0.847 0.20664739884393063 0.05 0.026011560693641616
0 0.808 0.20809248554913293 0.02 0.03468208092485549
0 0.6880000000000001 0.21676300578034682 0.052000000000000005 0.017341040462427744
0 0.655 0.22254335260115607 0.014 0.028901734104046242
0 0.548 0.22832369942196531 0.044 0.023121387283236993
0 0.517 0.23121387283236994 0.014 0.023121387283236993
0 0.421 0.2413294797687861 0.038 0.02023121387283237
0 0.395 0.24277456647398843 0.014 0.023121387283236993
0 0.312 0.2543352601156069 0.036000000000000004 0.023121387283236993
0 0.289 0.25578034682080925 0.014 0.026011560693641616