0 0.26083333333333336 0.4595864661654135 0.23833333333333334 0.11090225563909774
0 0.7816666666666667 0.36936090225563906 0.33333333333333337 0.2612781954887218
0 0.17750000000000002 0.28101503759398494 0.03166666666666667 0.06954887218045112
0 0.2575 0.287593984962406 0.03166666666666667 0.06390977443609022
0 0.32583333333333336 0.2894736842105263 0.028333333333333335 0.06766917293233082
0 0.41500000000000004 0.29417293233082703 0.030000000000000002 0.06203007518796992
0 0.1875 0.612781954887218 0.025 0.06015037593984962
0 0.255 0.6278195488721804 0.02666666666666667 0.05639097744360902
0 0.3325 0.6372180451127819 0.025 0.06015037593984962
0 0.4041666666666667 0.6447368421052632 0.025 0.05263157894736842
0 0.4191666666666667 0.8364661654135338 0.07833333333333334 0.041353383458646614
0 0.2016666666666667 0.3609022556390977 0.08 0.041353383458646614
0 0.2791666666666667 0.3665413533834586 0.07166666666666667 0.03759398496240601
0 0.35583333333333333 0.3740601503759398 0.07500000000000001 0.041353383458646614
0 0.43333333333333335 0.3787593984962406 0.07666666666666667 0.043233082706766915
0 0.20750000000000002 0.6917293233082706 0.06833333333333334 0.045112781954887216
0 0.2783333333333334 0.7058270676691729 0.07 0.043233082706766915
0 0.35083333333333333 0.7199248120300752 0.07833333333333334 0.041353383458646614
0 0.4291666666666667 0.7330827067669172 0.07833333333333334 0.041353383458646614