0 0.26425 0.36175 0.0475 0.0505
0 0.77575 0.34800000000000003 0.043500000000000004 0.046
0 0.29 0.751 0.03 0.01
0 0.28925 0.7505000000000001 0.0725 0.075
0 0.43225 0.67475 0.051500000000000004 0.0525
0 0.57225 0.6815 0.0525 0.044
0 0.70975 0.67025 0.0485 0.0455
0 0.40900000000000003 0.5495 0.047 0.046
0 0.386 0.432 0.033 0.046
0 0.5105000000000001 0.45275 0.052000000000000005 0.0365
0 0.82025 0.6585 0.0465 0.046
0 0.5395 0.55775 0.053 0.0415
0 0.67875 0.54325 0.0495 0.0445
0 0.803 0.52 0.033 0.046
0 0.64525 0.42525 0.0405 0.051500000000000004
0 0.83875 0.795 0.0415 0.043000000000000003
0 0.769 0.39275 0.042 0.0385