0 0.5608333333333334 0.15875 0.03833333333333334 0.0575
0 0.6841666666666667 0.06875 0.03833333333333334 0.0625
0 0.8625 0.1475 0.045000000000000005 0.06
0 0.8633333333333334 0.32375 0.043333333333333335 0.0625
0 0.39666666666666667 0.08625000000000001 0.03666666666666667 0.0575
0 0.39583333333333337 0.2475 0.03833333333333334 0.055
0 0.395 0.40875 0.04 0.0575
0 0.6833333333333333 0.23625000000000002 0.04666666666666667 0.0625
0 0.5675 0.32875 0.025 0.0675
0 0.0825 0.48625 0.028333333333333335 0.0425
0 0.12166666666666667 0.49625 0.030000000000000002 0.0475
0 0.15916666666666668 0.505 0.03166666666666667 0.045
0 0.1991666666666667 0.51375 0.028333333333333335 0.0425
0 0.24000000000000002 0.52125 0.030000000000000002 0.0425
0 0.2783333333333334 0.53125 0.030000000000000002 0.0425
0 0.31833333333333336 0.5387500000000001 0.02666666666666667 0.0375
0 0.35750000000000004 0.55 0.03166666666666667 0.04
0 0.3983333333333334 0.5575 0.02666666666666667 0.04
0 0.43750000000000006 0.56625 0.03166666666666667 0.0375
0 0.47750000000000004 0.5725 0.03166666666666667 0.035
0 0.5183333333333333 0.58625 0.02666666666666667 0.0375
0 0.5558333333333334 0.59875 0.03166666666666667 0.0425
0 0.5925 0.61125 0.028333333333333335 0.0425
0 0.6308333333333334 0.62375 0.028333333333333335 0.0425
0 0.6683333333333333 0.635 0.030000000000000002 0.04
0 0.7083333333333334 0.645 0.030000000000000002 0.04
0 0.7466666666666667 0.655 0.02666666666666667 0.04
0 0.7833333333333334 0.6637500000000001 0.030000000000000002 0.0425
0 0.8250000000000001 0.6687500000000001 0.030000000000000002 0.0325
0 0.8616666666666667 0.67 0.02666666666666667 0.03
0 0.8925000000000001 0.65125 0.021666666666666667 0.0325