0 0.38906250000000003 0.08539944903581267 0.15156250000000002 0.046831955922865015
0 0.62265625 0.08195592286501377 0.15781250000000002 0.04269972451790634
0 0.113671875 0.09297520661157024 0.04296875 0.03168044077134986
0 0.022265625 0.09435261707988982 0.03671875 0.03443526170798898
0 0.205078125 0.09297520661157024 0.041406250000000006 0.0371900826446281
0 0.77265625 0.07713498622589532 0.043750000000000004 0.03856749311294766
0 0.86875 0.08057851239669422 0.040625 0.0371900826446281
0 0.96015625 0.07988980716253444 0.0421875 0.04132231404958678
0 0.044140625 0.2403581267217631 0.08671875000000001 0.04269972451790634
0 0.246875 0.23760330578512398 0.16562500000000002 0.045454545454545456
0 0.400390625 0.2362258953168044 0.03671875 0.03994490358126722
0 0.49257812500000003 0.23898071625344353 0.04296875 0.0371900826446281
0 0.58359375 0.23829201101928377 0.0421875 0.03581267217630854
0 0.76171875 0.22589531680440772 0.15000000000000002 0.046831955922865015
0 0.9578125000000001 0.22933884297520662 0.08125 0.04269972451790634
0 0.027734375000000002 0.39118457300275483 0.03671875 0.04132231404958678
0 0.11640625 0.38842975206611574 0.035937500000000004 0.03856749311294766
0 0.2078125 0.38842975206611574 0.0390625 0.03581267217630854
0 0.38906250000000003 0.38636363636363635 0.15000000000000002 0.05096418732782369
0 0.622265625 0.38360881542699726 0.15390625000000002 0.045454545454545456
0 0.7722656250000001 0.3794765840220386 0.03828125 0.0371900826446281
0 0.8625 0.38016528925619836 0.043750000000000004 0.03856749311294766
0 0.956640625 0.3822314049586777 0.04453125 0.0371900826446281
0 0.046875 0.5371900826446281 0.09375 0.04132231404958678
0 0.24960937500000002 0.5337465564738292 0.16015625 0.048209366391184574
0 0.403125 0.5378787878787878 0.0390625 0.03443526170798898
0 0.49375 0.5337465564738292 0.043750000000000004 0.04269972451790634
0 0.582421875 0.5392561983471075 0.047656250000000004 0.03168044077134986
0 0.76171875 0.5254820936639119 0.1484375 0.04269972451790634
0 0.96015625 0.5303030303030303 0.078125 0.046831955922865015
0 0.032031250000000004 0.6880165289256198 0.040625 0.03168044077134986
0 0.122265625 0.6873278236914601 0.04453125 0.03856749311294766
0 0.213671875 0.6852617079889808 0.04609375 0.0371900826446281
0 0.390625 0.6831955922865014 0.15156250000000002 0.0440771349862259
0 0.62265625 0.6790633608815427 0.15625 0.049586776859504134
0 0.2546875 0.8333333333333334 0.153125 0.0440771349862259
0 0.050390625 0.831267217630854 0.10078125 0.045454545454545456
0 0.40351562500000004 0.8305785123966942 0.039843750000000004 0.04132231404958678
0 0.49453125000000003 0.8326446280991736 0.045312500000000006 0.03994490358126722
0 0.585546875 0.8340220385674931 0.04296875 0.0371900826446281
0 0.758984375 0.8243801652892562 0.15078125 0.03994490358126722
0 0.7703125000000001 0.6797520661157025 0.037500000000000006 0.0371900826446281
0 0.8617187500000001 0.681129476584022 0.0390625 0.03443526170798898
0 0.955078125 0.6797520661157025 0.04296875 0.03443526170798898
0 0.954296875 0.8209366391184574 0.08515625 0.0440771349862259
0 0.217578125 0.977961432506887 0.039843750000000004 0.03305785123966942
0 0.128515625 0.9786501377410468 0.041406250000000006 0.0371900826446281
0 0.0421875 0.9807162534435262 0.0390625 0.03581267217630854
0 0.39492187500000003 0.9738292011019284 0.14609375 0.046831955922865015
0 0.6214843750000001 0.9724517906336089 0.15234375 0.046831955922865015
0 0.76953125 0.9731404958677686 0.037500000000000006 0.0371900826446281
0 0.8625 0.9745179063360881 0.0390625 0.0371900826446281
0 0.954296875 0.9745179063360881 0.039843750000000004 0.0371900826446281