0 0.34375 0.12903225806451613 0.26814516129032256 0.1971326164874552
0 0.17993951612903225 0.6792114695340502 0.13004032258064516 0.12186379928315412
0 0.3850806451612903 0.6030465949820788 0.06854838709677419 0.06272401433691756
0 0.6955645161290323 0.5555555555555556 0.12298387096774194 0.13978494623655913
0 0.7132056451612903 0.3897849462365591 0.12399193548387097 0.10931899641577061
0 0.533266129032258 0.3593189964157706 0.11290322580645161 0.09498207885304659
0 0.859375 0.3100358422939068 0.10181451612903225 0.16487455197132617
0 0.8558467741935484 0.49014336917562723 0.13306451612903225 0.13440860215053763
0 0.6522177419354839 0.12813620071684587 0.2439516129032258 0.1881720430107527
0 0.16985887096774194 0.53584229390681 0.1663306451612903 0.17204301075268819
0 0.16129032258064516 0.3736559139784946 0.13709677419354838 0.08781362007168458