0 0.263671875 0.14208984375 0.17057291666666666 0.1298828125
0 0.7805989583333333 0.27197265625 0.04296875 0.0341796875
0 0.8079427083333333 0.35205078125 0.04817708333333333 0.0341796875
0 0.3235677083333333 0.66650390625 0.045572916666666664 0.0322265625
0 0.41015625 0.66943359375 0.04427083333333333 0.0341796875
0 0.49479166666666663 0.66796875 0.04427083333333333 0.03125
0 0.6282552083333333 0.669921875 0.04036458333333333 0.029296875
0 0.71484375 0.671875 0.041666666666666664 0.029296875
0 0.8046875 0.671875 0.041666666666666664 0.03125
0 0.55859375 0.80322265625 0.08072916666666666 0.0185546875
0 0.5514322916666666 0.98095703125 0.07421875 0.0146484375
0 0.3235677083333333 0.85986328125 0.04036458333333333 0.0302734375
0 0.40625 0.85986328125 0.041666666666666664 0.0322265625
0 0.4876302083333333 0.85986328125 0.04296875 0.0302734375
0 0.6178385416666666 0.859375 0.04036458333333333 0.02734375
0 0.697265625 0.86181640625 0.04296875 0.0283203125
0 0.779296875 0.86474609375 0.04036458333333333 0.0283203125