0 0.08076923076923077 0.4853556485355648 0.13076923076923078 0.09414225941422594
0 0.3123076923076923 0.3629707112970711 0.11538461538461539 0.08577405857740585
0 0.5138461538461538 0.2588912133891213 0.046153846153846156 0.036610878661087864
0 0.695 0.18880753138075312 0.06846153846153846 0.04916317991631799
0 0.8642307692307692 0.09048117154811715 0.045384615384615384 0.04288702928870292
0 0.7603846153846154 0.7902719665271966 0.03769230769230769 0.055439330543933046
0 0.5653846153846154 0.8802301255230125 0.06923076923076923 0.05125523012552301
0 0.905 0.6731171548117154 0.036153846153846154 0.05125523012552301
0 0.9811538461538462 0.03556485355648535 0.03307692307692308 0.02928870292887029
0 0.5111538461538462 0.7824267782426778 0.03923076923076923 0.03347280334728033
0 0.23307692307692307 0.21495815899581588 0.03692307692307692 0.024058577405857737