0 0.6565420560747663 0.4151785714285714 0.020249221183800622 0.17559523809523808
0 0.735202492211838 0.5 0.012461059190031152 0.13095238095238093
0 0.543613707165109 0.5446428571428571 0.012461059190031152 0.10714285714285714
0 0.40809968847352024 0.5699404761904762 0.009345794392523364 0.09821428571428571
0 0.6580996884735202 0.9151785714285714 0.0794392523364486 0.03869047619047619
0 0.7383177570093458 0.8645833333333333 0.056074766355140186 0.026785714285714284
0 0.8434579439252337 0.8333333333333333 0.045171339563862926 0.017857142857142856
0 0.543613707165109 0.84375 0.0529595015576324 0.026785714285714284
0 0.8442367601246106 0.5639880952380952 0.012461059190031152 0.12202380952380952
0 0.40887850467289716 0.8303571428571428 0.045171339563862926 0.023809523809523808
0 0.4509345794392523 0.8214285714285714 0.03271028037383177 0.017857142857142856
0 0.4509345794392523 0.5907738095238095 0.010903426791277258 0.08630952380952381