0 0.16 0.6640625 0.048 0.057291666666666664
0 0.15 0.875 0.056 0.05208333333333333
0 0.372 0.7942708333333333 0.068 0.078125
0 0.46 0.7994791666666666 0.04 0.046875
0 0.051000000000000004 0.8411458333333333 0.034 0.03645833333333333
0 0.298 0.75 0.024 0.020833333333333332
0 0.298 0.8046875 0.044 0.08854166666666666
0 0.364 0.6640625 0.048 0.109375
0 0.465 0.6640625 0.046 0.109375
0 0.581 0.6354166666666666 0.062 0.041666666666666664
0 0.668 0.6588541666666666 0.068 0.046875
0 0.754 0.6666666666666666 0.068 0.05208333333333333
0 0.791 0.8958333333333333 0.062 0.0625
0 0.895 0.8307291666666666 0.03 0.03645833333333333
0 0.842 0.5390625 0.02 0.026041666666666664