0 0.273 0.13765541740674955 0.096 0.08703374777975134
0 0.1995 0.10390763765541741 0.037 0.0586145648312611
0 0.435 0.5417406749555951 0.024 0.1030195381882771
0 0.376 0.5159857904085258 0.026000000000000002 0.11900532859680285
0 0.308 0.47513321492007105 0.022 0.1296625222024867
0 0.1855 0.4813499111900533 0.025 0.1349911190053286
0 0.0945 0.5062166962699822 0.027 0.13854351687388988
0 0.0885 0.6003552397868561 0.019 0.046181172291296625
0 0.1825 0.5808170515097691 0.021 0.05328596802841919
0 0.3045 0.569271758436945 0.015 0.04440497335701599
0 0.376 0.5985790408525755 0.02 0.046181172291296625
0 0.437 0.6154529307282416 0.022 0.04440497335701599