0 0.24227642276422764 0.7787286063569682 0.15609756097560976 0.11491442542787286
0 0.8804878048780488 0.7371638141809291 0.14146341463414633 0.10024449877750612
0 0.11869918699186992 0.04523227383863081 0.0975609756097561 0.061124694376528114
0 0.2528455284552846 0.11124694376528117 0.07642276422764227 0.061124694376528114
0 0.4398373983739837 0.11246943765281174 0.06991869918699187 0.05378973105134474
0 0.5756097560975609 0.04645476772616137 0.11707317073170731 0.05867970660146699
0 0.7138211382113822 0.0550122249388753 0.0943089430894309 0.04645476772616137
0 0.8699186991869918 0.11491442542787286 0.07804878048780488 0.05867970660146699
0 0.5682926829268292 0.7799511002444988 0.19349593495934958 0.10268948655256724
0 0.08373983739837398 0.6638141809290954 0.12195121951219512 0.09046454767726161
0 0.42032520325203254 0.6882640586797066 0.08943089430894309 0.09046454767726161
0 0.573170731707317 0.6613691931540342 0.08943089430894309 0.13447432762836187
0 0.734959349593496 0.5537897310513448 0.06504065040650406 0.10513447432762836