0 0.21842893835616436 0.49787460148777896 0.019477739726027395 0.08820403825717321
0 0.3858090753424657 0.5170031880977684 0.0742722602739726 0.0669500531349628
0 0.9154537671232876 0.359192348565356 0.0136986301369863 0.24442082890541975
0 0.016374143835616438 0.8145589798087141 0.0027825342465753423 0.013815090329436768
0 0.0625 0.810308182784272 0.003424657534246575 0.013815090329436768
0 0.10231164383561643 0.812433581296493 0.0029965753424657533 0.01594048884165781
0 0.14426369863013697 0.8145589798087141 0.003424657534246575 0.011689691817215728
0 0.18910530821917806 0.8145589798087141 0.004066780821917808 0.013815090329436768
0 0.24208047945205477 0.8108395324123273 0.003852739726027397 0.012752391073326248
0 0.2961258561643835 0.8034006376195536 0.003638698630136986 0.01487778958554729
0 0.34524828767123283 0.7975557917109457 0.003852739726027397 0.013815090329436768
0 0.398972602739726 0.7922422954303932 0.0029965753424657533 0.011689691817215728
0 0.899507705479452 0.8517534537725823 0.003638698630136986 0.013815090329436768
0 0.8546660958904109 0.8501594048884166 0.003424657534246575 0.012752391073326248