0 0.4930875576036866 0.11538461538461539 0.03225806451612903 0.021538461538461538
0 0.6440092165898618 0.13538461538461538 0.020737327188940093 0.01846153846153846
0 0.75 0.25076923076923074 0.03917050691244239 0.027692307692307693
0 0.38940092165898615 0.10307692307692308 0.018433179723502304 0.015384615384615385
0 0.16013824884792627 0.24769230769230768 0.04377880184331797 0.027692307692307693
0 0.45622119815668205 0.24461538461538462 0.041474654377880185 0.027692307692307693
0 0.7315668202764977 0.29538461538461536 0.02534562211981567 0.01846153846153846
0 0.7983870967741935 0.29538461538461536 0.02534562211981567 0.01846153846153846
0 0.7983870967741935 0.5846153846153846 0.029953917050691243 0.01846153846153846
0 0.511520737327189 0.3476923076923077 0.027649769585253454 0.01846153846153846
0 0.4308755760368664 0.35846153846153844 0.02304147465437788 0.021538461538461538
0 0.5080645161290323 0.28 0.020737327188940093 0.01846153846153846
0 0.12788018433179724 0.2907692307692308 0.02534562211981567 0.021538461538461538
0 0.43663594470046085 0.5861538461538461 0.029953917050691243 0.015384615384615385
0 0.13940092165898618 0.5292307692307693 0.020737327188940093 0.01846153846153846
0 0.511520737327189 0.8015384615384615 0.03225806451612903 0.021538461538461538
0 0.5887096774193549 0.796923076923077 0.03917050691244239 0.024615384615384615
0 0.6601382488479263 0.66 0.03456221198156682 0.021538461538461538
0 0.6566820276497696 0.5923076923076923 0.02304147465437788 0.021538461538461538
0 0.5841013824884793 0.5861538461538461 0.02534562211981567 0.015384615384615385
0 0.20622119815668202 0.5246153846153846 0.016129032258064516 0.015384615384615385