0 0.6342857142857142 0.6985714285714286 0.09047619047619047 0.22714285714285715
0 0.12571428571428572 0.5978571428571429 0.026666666666666665 0.017142857142857144
0 0.2180952380952381 0.5864285714285714 0.021904761904761906 0.01
0 0.295 0.5782142857142857 0.017619047619047618 0.010714285714285714
0 0.3554761904761905 0.57 0.014761904761904763 0.01
0 0.12404761904761905 0.8157142857142857 0.023333333333333334 0.024285714285714285
0 0.2092857142857143 0.7892857142857143 0.020476190476190478 0.012857142857142857
0 0.27476190476190476 0.7678571428571429 0.01619047619047619 0.017142857142857144
0 0.3445238095238095 0.7432142857142857 0.014761904761904763 0.010714285714285714
0 0.4007142857142857 0.7267857142857143 0.011904761904761904 0.010714285714285714
0 0.41404761904761905 0.5642857142857143 0.010952380952380953 0.01
0 0.19238095238095237 0.11214285714285714 0.013333333333333332 0.012857142857142857
0 0.28 0.14214285714285715 0.011428571428571429 0.011428571428571429
0 0.355 0.16642857142857143 0.01 0.008571428571428572
0 0.4169047619047619 0.18857142857142858 0.009047619047619047 0.011428571428571429
0 0.19 0.3439285714285714 0.014285714285714285 0.007857142857142858
0 0.275 0.3539285714285714 0.010952380952380953 0.007857142857142858
0 0.3476190476190476 0.36178571428571427 0.010476190476190476 0.007857142857142858
0 0.4523809523809524 0.37464285714285717 0.009523809523809525 0.007857142857142858
0 0.45976190476190476 0.2032142857142857 0.01 0.010714285714285714