0 0.385625 0.74 0.13625 0.09333333333333334
0 0.42562500000000003 0.6142857142857143 0.02125 0.02095238095238095
0 0.34500000000000003 0.5628571428571428 0.0275 0.03619047619047619
0 0.405 0.4961904761904762 0.0175 0.017142857142857144
0 0.366875 0.40190476190476193 0.01875 0.01904761904761905
0 0.336875 0.3161904761904762 0.01625 0.022857142857142857
0 0.30625 0.23047619047619047 0.0125 0.015238095238095238
0 0.236875 0.1838095238095238 0.02625 0.03238095238095238
0 0.7993750000000001 0.5419047619047619 0.02875 0.047619047619047616
0 0.675 0.259047619047619 0.0275 0.030476190476190476
0 0.836875 0.7095238095238096 0.13875 0.08190476190476191
0 0.8718750000000001 0.6 0.02125 0.022857142857142857
0 0.818125 0.4819047619047619 0.01875 0.015238095238095238
0 0.78 0.37333333333333335 0.0175 0.011428571428571429
0 0.738125 0.2923809523809524 0.01625 0.013333333333333332
0 0.7175 0.32476190476190475 0.0225 0.03238095238095238